3 nl 8.67869e-317    0.174727    24    0
3 nl 8.67869e-317    0.17461    48    1
3 nl 8.67869e-317    0.17343    72    2
3 nl 8.67869e-317    0.167615    96    3
3 nl 8.67869e-317    0.167615    120    4
3 nl 8.67869e-317    0.165802    144    5
3 nl 8.67869e-317    0.165336    168    6
3 nl 8.67869e-317    0.161718    192    7
3 nl 8.67869e-317    0.158144    216    8
3 nl 8.67869e-317    0.155426    240    9
---------------------------------------
3 nl 8.67869e-317    0.153067    264    10
3 nl 8.67869e-317    0.153067    288    11
3 nl 8.67869e-317    0.149997    312    12
3 nl 8.67869e-317    0.148627    336    13
3 nl 8.67869e-317    0.146203    360    14
3 nl 8.67869e-317    0.146203    384    15
3 nl 8.67869e-317    0.146203    408    16
3 nl 8.67869e-317    0.146203    432    17
3 nl 8.67869e-317    0.138651    456    18
3 nl 8.67869e-317    0.13623    480    19
---------------------------------------
3 nl 8.67869e-317    0.132056    504    20
3 nl 8.67869e-317    0.132044    528    21
3 nl 8.67869e-317    0.132044    552    22
3 nl 8.67869e-317    0.1299    576    23
3 nl 8.67869e-317    0.127101    600    24
3 nl 8.67869e-317    0.124643    624    25
3 nl 8.67869e-317    0.124643    648    26
3 nl 8.67869e-317    0.124643    672    27
3 nl 8.67869e-317    0.124643    696    28
3 nl 8.67869e-317    0.121463    720    29
---------------------------------------
3 nl 8.67869e-317    0.119947    744    30
3 nl 8.67869e-317    0.119947    768    31
3 nl 8.67869e-317    0.119947    792    32
3 nl 8.67869e-317    0.119947    816    33
3 nl 8.67869e-317    0.117444    840    34
3 nl 8.67869e-317    0.115898    864    35
3 nl 8.67869e-317    0.115419    888    36
3 nl 8.67869e-317    0.114371    912    37
3 nl 8.67869e-317    0.114371    936    38
3 nl 8.67869e-317    0.114047    960    39
---------------------------------------
3 nl 8.67869e-317    0.113854    984    40
3 nl 8.67869e-317    0.113854    1008    41
3 nl 8.67869e-317    0.112739    1032    42
3 nl 8.67869e-317    0.112739    1056    43
3 nl 8.67869e-317    0.108486    1080    44
3 nl 8.67869e-317    0.106171    1104    45
3 nl 8.67869e-317    0.106171    1128    46
3 nl 8.67869e-317    0.104935    1152    47
3 nl 8.67869e-317    0.103409    1176    48
3 nl 8.67869e-317    0.101846    1200    49
---------------------------------------
3 nl 8.67869e-317    0.101846    1224    50
3 nl 8.67869e-317    0.101846    1248    51
3 nl 8.67869e-317    0.101846    1272    52
3 nl 8.67869e-317    0.101846    1296    53
3 nl 8.67869e-317    0.100886    1320    54
3 nl 8.67869e-317    0.100847    1344    55
3 nl 8.67869e-317    0.0987684    1368    56
3 nl 8.67869e-317    0.0987684    1392    57
3 nl 8.67869e-317    0.0969542    1416    58
3 nl 8.67869e-317    0.0959725    1440    59
---------------------------------------
3 nl 8.67869e-317    0.0943031    1464    60
3 nl 8.67869e-317    0.0943031    1488    61
3 nl 8.67869e-317    0.0943031    1512    62
3 nl 8.67869e-317    0.0943031    1536    63
3 nl 8.67869e-317    0.0943031    1560    64
3 nl 8.67869e-317    0.0927844    1584    65
3 nl 8.67869e-317    0.0916744    1608    66
3 nl 8.67869e-317    0.0916744    1632    67
3 nl 8.67869e-317    0.0916744    1656    68
3 nl 8.67869e-317    0.0916744    1680    69
---------------------------------------
3 nl 8.67869e-317    0.0892594    1704    70
3 nl 8.67869e-317    0.0892594    1728    71
3 nl 8.67869e-317    0.0887515    1752    72
3 nl 8.67869e-317    0.0887515    1776    73
3 nl 8.67869e-317    0.0884545    1800    74
3 nl 8.67869e-317    0.0884545    1824    75
3 nl 8.67869e-317    0.0878183    1848    76
3 nl 8.67869e-317    0.0878183    1872    77
3 nl 8.67869e-317    0.0873121    1896    78
3 nl 8.67869e-317    0.0864695    1920    79
---------------------------------------
3 nl 8.67869e-317    0.085622    1944    80
3 nl 8.67869e-317    0.085622    1968    81
3 nl 8.67869e-317    0.085622    1992    82
3 nl 8.67869e-317    0.085622    2016    83
3 nl 8.67869e-317    0.0853506    2040    84
3 nl 8.67869e-317    0.0853506    2064    85
3 nl 8.67869e-317    0.0853506    2088    86
3 nl 8.67869e-317    0.0853506    2112    87
3 nl 8.67869e-317    0.0850879    2136    88
3 nl 8.67869e-317    0.0842242    2160    89
---------------------------------------
3 nl 8.67869e-317    0.0842242    2184    90
3 nl 8.67869e-317    0.0842242    2208    91
3 nl 8.67869e-317    0.0842242    2232    92
3 nl 8.67869e-317    0.0842242    2256    93
3 nl 8.67869e-317    0.0842242    2280    94
3 nl 8.67869e-317    0.0842242    2304    95
3 nl 8.67869e-317    0.0839842    2328    96
3 nl 8.67869e-317    0.0834969    2352    97
3 nl 8.67869e-317    0.0834969    2376    98
3 nl 8.67869e-317    0.0834534    2400    99
---------------------------------------

 ------------------------------ 3  121200  RMSE:  0.0688853  0.0834581 NMSE:  0.0553287 0.100669
3 nl 0.0688853    0.15445    24    0
3 nl 0.0688853    0.15445    48    1
3 nl 0.0688853    0.15445    72    2
3 nl 0.0688853    0.153064    96    3
3 nl 0.0688853    0.153064    120    4
3 nl 0.0688853    0.152208    144    5
3 nl 0.0688853    0.148643    168    6
3 nl 0.0688853    0.147335    192    7
3 nl 0.0688853    0.143941    216    8
3 nl 0.0688853    0.142064    240    9
---------------------------------------
3 nl 0.0688853    0.138684    264    10
3 nl 0.0688853    0.136103    288    11
3 nl 0.0688853    0.133818    312    12
3 nl 0.0688853    0.13254    336    13
3 nl 0.0688853    0.13254    360    14
3 nl 0.0688853    0.131673    384    15
3 nl 0.0688853    0.127716    408    16
3 nl 0.0688853    0.127716    432    17
3 nl 0.0688853    0.125978    456    18
3 nl 0.0688853    0.125012    480    19
---------------------------------------
3 nl 0.0688853    0.124888    504    20
3 nl 0.0688853    0.124888    528    21
3 nl 0.0688853    0.123006    552    22
3 nl 0.0688853    0.120729    576    23
3 nl 0.0688853    0.117402    600    24
3 nl 0.0688853    0.115197    624    25
3 nl 0.0688853    0.115197    648    26
3 nl 0.0688853    0.115197    672    27
3 nl 0.0688853    0.115197    696    28
3 nl 0.0688853    0.115174    720    29
---------------------------------------
3 nl 0.0688853    0.115174    744    30
3 nl 0.0688853    0.114543    768    31
3 nl 0.0688853    0.114543    792    32
3 nl 0.0688853    0.114396    816    33
3 nl 0.0688853    0.113189    840    34
3 nl 0.0688853    0.113189    864    35
3 nl 0.0688853    0.113189    888    36
3 nl 0.0688853    0.113189    912    37
3 nl 0.0688853    0.111048    936    38
3 nl 0.0688853    0.111048    960    39
---------------------------------------
3 nl 0.0688853    0.111048    984    40
3 nl 0.0688853    0.110718    1008    41
3 nl 0.0688853    0.11068    1032    42
3 nl 0.0688853    0.11068    1056    43
3 nl 0.0688853    0.11068    1080    44
3 nl 0.0688853    0.109938    1104    45
3 nl 0.0688853    0.109666    1128    46
3 nl 0.0688853    0.109666    1152    47
3 nl 0.0688853    0.109666    1176    48
3 nl 0.0688853    0.108127    1200    49
---------------------------------------
3 nl 0.0688853    0.107854    1224    50
3 nl 0.0688853    0.107196    1248    51
3 nl 0.0688853    0.107196    1272    52
3 nl 0.0688853    0.105575    1296    53
3 nl 0.0688853    0.105575    1320    54
3 nl 0.0688853    0.105575    1344    55
3 nl 0.0688853    0.104683    1368    56
3 nl 0.0688853    0.104603    1392    57
3 nl 0.0688853    0.104603    1416    58
3 nl 0.0688853    0.104324    1440    59
---------------------------------------
3 nl 0.0688853    0.104239    1464    60
3 nl 0.0688853    0.104239    1488    61
3 nl 0.0688853    0.104239    1512    62
3 nl 0.0688853    0.104239    1536    63
3 nl 0.0688853    0.103649    1560    64
3 nl 0.0688853    0.103649    1584    65
3 nl 0.0688853    0.103649    1608    66
3 nl 0.0688853    0.102731    1632    67
3 nl 0.0688853    0.102731    1656    68
3 nl 0.0688853    0.102283    1680    69
---------------------------------------
3 nl 0.0688853    0.102028    1704    70
3 nl 0.0688853    0.102028    1728    71
3 nl 0.0688853    0.102028    1752    72
3 nl 0.0688853    0.102028    1776    73
3 nl 0.0688853    0.10113    1800    74
3 nl 0.0688853    0.10113    1824    75
3 nl 0.0688853    0.10113    1848    76
3 nl 0.0688853    0.101024    1872    77
3 nl 0.0688853    0.100893    1896    78
3 nl 0.0688853    0.100893    1920    79
---------------------------------------
3 nl 0.0688853    0.100863    1944    80
3 nl 0.0688853    0.100863    1968    81
3 nl 0.0688853    0.100642    1992    82
3 nl 0.0688853    0.100642    2016    83
3 nl 0.0688853    0.100153    2040    84
3 nl 0.0688853    0.100037    2064    85
3 nl 0.0688853    0.100037    2088    86
3 nl 0.0688853    0.100037    2112    87
3 nl 0.0688853    0.100037    2136    88
3 nl 0.0688853    0.0981406    2160    89
---------------------------------------
3 nl 0.0688853    0.0981406    2184    90
3 nl 0.0688853    0.0981406    2208    91
3 nl 0.0688853    0.0975199    2232    92
3 nl 0.0688853    0.0975199    2256    93
3 nl 0.0688853    0.0973091    2280    94
3 nl 0.0688853    0.0972134    2304    95
3 nl 0.0688853    0.0972134    2328    96
3 nl 0.0688853    0.0972062    2352    97
3 nl 0.0688853    0.0972062    2376    98
3 nl 0.0688853    0.0972062    2400    99
---------------------------------------

 ------------------------------ 3  121200  RMSE:  0.0693516  0.0880581 NMSE:  0.0560804 0.112072
3 nl 0.0693516    0.137057    24    0
3 nl 0.0693516    0.130538    48    1
3 nl 0.0693516    0.130538    72    2
3 nl 0.0693516    0.125859    96    3
3 nl 0.0693516    0.121986    120    4
3 nl 0.0693516    0.120265    144    5
3 nl 0.0693516    0.116973    168    6
3 nl 0.0693516    0.116973    192    7
3 nl 0.0693516    0.115489    216    8
3 nl 0.0693516    0.115489    240    9
---------------------------------------
3 nl 0.0693516    0.113697    264    10
3 nl 0.0693516    0.113697    288    11
3 nl 0.0693516    0.112137    312    12
3 nl 0.0693516    0.110294    336    13
3 nl 0.0693516    0.108545    360    14
3 nl 0.0693516    0.108545    384    15
3 nl 0.0693516    0.107902    408    16
3 nl 0.0693516    0.107902    432    17
3 nl 0.0693516    0.107902    456    18
3 nl 0.0693516    0.107902    480    19
---------------------------------------
3 nl 0.0693516    0.107902    504    20
3 nl 0.0693516    0.107285    528    21
3 nl 0.0693516    0.107285    552    22
3 nl 0.0693516    0.106787    576    23
3 nl 0.0693516    0.106787    600    24
3 nl 0.0693516    0.106787    624    25
3 nl 0.0693516    0.106787    648    26
3 nl 0.0693516    0.106787    672    27
3 nl 0.0693516    0.106548    696    28
3 nl 0.0693516    0.106548    720    29
---------------------------------------
3 nl 0.0693516    0.106548    744    30
3 nl 0.0693516    0.106548    768    31
3 nl 0.0693516    0.106548    792    32
3 nl 0.0693516    0.106466    816    33
3 nl 0.0693516    0.106349    840    34
3 nl 0.0693516    0.106349    864    35
3 nl 0.0693516    0.105804    888    36
3 nl 0.0693516    0.105679    912    37
3 nl 0.0693516    0.105679    936    38
3 nl 0.0693516    0.105679    960    39
---------------------------------------
3 nl 0.0693516    0.105679    984    40
3 nl 0.0693516    0.105679    1008    41
3 nl 0.0693516    0.105679    1032    42
3 nl 0.0693516    0.105679    1056    43
3 nl 0.0693516    0.105679    1080    44
3 nl 0.0693516    0.105679    1104    45
3 nl 0.0693516    0.105679    1128    46
3 nl 0.0693516    0.105679    1152    47
3 nl 0.0693516    0.105599    1176    48
3 nl 0.0693516    0.105489    1200    49
---------------------------------------
3 nl 0.0693516    0.105489    1224    50
3 nl 0.0693516    0.105489    1248    51
3 nl 0.0693516    0.104815    1272    52
3 nl 0.0693516    0.104815    1296    53
3 nl 0.0693516    0.104815    1320    54
3 nl 0.0693516    0.104815    1344    55
3 nl 0.0693516    0.104815    1368    56
3 nl 0.0693516    0.104606    1392    57
3 nl 0.0693516    0.103854    1416    58
3 nl 0.0693516    0.103476    1440    59
---------------------------------------
3 nl 0.0693516    0.103476    1464    60
3 nl 0.0693516    0.103476    1488    61
3 nl 0.0693516    0.103476    1512    62
3 nl 0.0693516    0.103476    1536    63
3 nl 0.0693516    0.103476    1560    64
3 nl 0.0693516    0.103383    1584    65
3 nl 0.0693516    0.103383    1608    66
3 nl 0.0693516    0.103383    1632    67
3 nl 0.0693516    0.103383    1656    68
3 nl 0.0693516    0.103383    1680    69
---------------------------------------
3 nl 0.0693516    0.103326    1704    70
3 nl 0.0693516    0.103326    1728    71
3 nl 0.0693516    0.103326    1752    72
3 nl 0.0693516    0.103152    1776    73
3 nl 0.0693516    0.102653    1800    74
3 nl 0.0693516    0.101979    1824    75
3 nl 0.0693516    0.101979    1848    76
3 nl 0.0693516    0.101387    1872    77
3 nl 0.0693516    0.100482    1896    78
3 nl 0.0693516    0.100482    1920    79
---------------------------------------
3 nl 0.0693516    0.100212    1944    80
3 nl 0.0693516    0.100212    1968    81
3 nl 0.0693516    0.100212    1992    82
3 nl 0.0693516    0.0996236    2016    83
3 nl 0.0693516    0.0995286    2040    84
3 nl 0.0693516    0.0982526    2064    85
3 nl 0.0693516    0.0982526    2088    86
3 nl 0.0693516    0.0980001    2112    87
3 nl 0.0693516    0.097774    2136    88
3 nl 0.0693516    0.097774    2160    89
---------------------------------------
3 nl 0.0693516    0.097774    2184    90
3 nl 0.0693516    0.0972278    2208    91
3 nl 0.0693516    0.0969984    2232    92
3 nl 0.0693516    0.0969984    2256    93
3 nl 0.0693516    0.096386    2280    94
3 nl 0.0693516    0.0963372    2304    95
3 nl 0.0693516    0.0958083    2328    96
3 nl 0.0693516    0.0958083    2352    97
3 nl 0.0693516    0.0958083    2376    98
3 nl 0.0693516    0.0952851    2400    99
---------------------------------------

 ------------------------------ 3  121200  RMSE:  0.0621868  0.076887 NMSE:  0.0450914 0.0854408
3 nl 0.0621868    0.146499    24    0
3 nl 0.0621868    0.138724    48    1
3 nl 0.0621868    0.137734    72    2
3 nl 0.0621868    0.133869    96    3
3 nl 0.0621868    0.133869    120    4
3 nl 0.0621868    0.133869    144    5
3 nl 0.0621868    0.130693    168    6
3 nl 0.0621868    0.129647    192    7
3 nl 0.0621868    0.127604    216    8
3 nl 0.0621868    0.127604    240    9
---------------------------------------
3 nl 0.0621868    0.127257    264    10
3 nl 0.0621868    0.121352    288    11
3 nl 0.0621868    0.120132    312    12
3 nl 0.0621868    0.113901    336    13
3 nl 0.0621868    0.11279    360    14
3 nl 0.0621868    0.109825    384    15
3 nl 0.0621868    0.109825    408    16
3 nl 0.0621868    0.107907    432    17
3 nl 0.0621868    0.107907    456    18
3 nl 0.0621868    0.106501    480    19
---------------------------------------
3 nl 0.0621868    0.106501    504    20
3 nl 0.0621868    0.105267    528    21
3 nl 0.0621868    0.104485    552    22
3 nl 0.0621868    0.104485    576    23
3 nl 0.0621868    0.10376    600    24
3 nl 0.0621868    0.10376    624    25
3 nl 0.0621868    0.10376    648    26
3 nl 0.0621868    0.103697    672    27
3 nl 0.0621868    0.101967    696    28
3 nl 0.0621868    0.101967    720    29
---------------------------------------
3 nl 0.0621868    0.101967    744    30
3 nl 0.0621868    0.101967    768    31
3 nl 0.0621868    0.101225    792    32
3 nl 0.0621868    0.10121    816    33
3 nl 0.0621868    0.100444    840    34
3 nl 0.0621868    0.0990567    864    35
3 nl 0.0621868    0.098972    888    36
3 nl 0.0621868    0.0984966    912    37
3 nl 0.0621868    0.0965245    936    38
3 nl 0.0621868    0.0965245    960    39
---------------------------------------
3 nl 0.0621868    0.0965245    984    40
3 nl 0.0621868    0.0965245    1008    41
3 nl 0.0621868    0.0965245    1032    42
3 nl 0.0621868    0.0965245    1056    43
3 nl 0.0621868    0.0965245    1080    44
3 nl 0.0621868    0.0962662    1104    45
3 nl 0.0621868    0.0962662    1128    46
3 nl 0.0621868    0.0953988    1152    47
3 nl 0.0621868    0.0953988    1176    48
3 nl 0.0621868    0.0953988    1200    49
---------------------------------------
3 nl 0.0621868    0.0949713    1224    50
3 nl 0.0621868    0.0949713    1248    51
3 nl 0.0621868    0.0949713    1272    52
3 nl 0.0621868    0.0949168    1296    53
3 nl 0.0621868    0.0942701    1320    54
3 nl 0.0621868    0.0937812    1344    55
3 nl 0.0621868    0.0937812    1368    56
3 nl 0.0621868    0.0935302    1392    57
3 nl 0.0621868    0.0933501    1416    58
3 nl 0.0621868    0.0933501    1440    59
---------------------------------------
3 nl 0.0621868    0.0927739    1464    60
3 nl 0.0621868    0.0927739    1488    61
3 nl 0.0621868    0.092561    1512    62
3 nl 0.0621868    0.092561    1536    63
3 nl 0.0621868    0.092561    1560    64
3 nl 0.0621868    0.092561    1584    65
3 nl 0.0621868    0.0910633    1608    66
3 nl 0.0621868    0.0899465    1632    67
3 nl 0.0621868    0.0899465    1656    68
3 nl 0.0621868    0.0895928    1680    69
---------------------------------------
3 nl 0.0621868    0.0895928    1704    70
3 nl 0.0621868    0.0888124    1728    71
3 nl 0.0621868    0.0887186    1752    72
3 nl 0.0621868    0.0887186    1776    73
3 nl 0.0621868    0.0883299    1800    74
3 nl 0.0621868    0.0883299    1824    75
3 nl 0.0621868    0.087879    1848    76
3 nl 0.0621868    0.0877149    1872    77
3 nl 0.0621868    0.0877149    1896    78
3 nl 0.0621868    0.0877149    1920    79
---------------------------------------
3 nl 0.0621868    0.086759    1944    80
3 nl 0.0621868    0.0862368    1968    81
3 nl 0.0621868    0.0857806    1992    82
3 nl 0.0621868    0.0857052    2016    83
3 nl 0.0621868    0.0857052    2040    84
3 nl 0.0621868    0.0856706    2064    85
3 nl 0.0621868    0.0856706    2088    86
3 nl 0.0621868    0.0856706    2112    87
3 nl 0.0621868    0.0856706    2136    88
3 nl 0.0621868    0.0856706    2160    89
---------------------------------------
3 nl 0.0621868    0.0856706    2184    90
3 nl 0.0621868    0.0856706    2208    91
3 nl 0.0621868    0.0856706    2232    92
3 nl 0.0621868    0.0849682    2256    93
3 nl 0.0621868    0.0849682    2280    94
3 nl 0.0621868    0.0849682    2304    95
3 nl 0.0621868    0.0849682    2328    96
3 nl 0.0621868    0.0844072    2352    97
3 nl 0.0621868    0.0844072    2376    98
3 nl 0.0621868    0.0842597    2400    99
---------------------------------------

 ------------------------------ 3  121200  RMSE:  0.0732993  0.0957217 NMSE:  0.0626466 0.132428
3 nl 0.0732993    0.170222    24    0
3 nl 0.0732993    0.168653    48    1
3 nl 0.0732993    0.161261    72    2
3 nl 0.0732993    0.161261    96    3
3 nl 0.0732993    0.159935    120    4
3 nl 0.0732993    0.158852    144    5
3 nl 0.0732993    0.152411    168    6
3 nl 0.0732993    0.152411    192    7
3 nl 0.0732993    0.152411    216    8
3 nl 0.0732993    0.144867    240    9
---------------------------------------
3 nl 0.0732993    0.143447    264    10
3 nl 0.0732993    0.143447    288    11
3 nl 0.0732993    0.139288    312    12
3 nl 0.0732993    0.138235    336    13
3 nl 0.0732993    0.138235    360    14
3 nl 0.0732993    0.132662    384    15
3 nl 0.0732993    0.132662    408    16
3 nl 0.0732993    0.130057    432    17
3 nl 0.0732993    0.124793    456    18
3 nl 0.0732993    0.120544    480    19
---------------------------------------
3 nl 0.0732993    0.119129    504    20
3 nl 0.0732993    0.119129    528    21
3 nl 0.0732993    0.118378    552    22
3 nl 0.0732993    0.117905    576    23
3 nl 0.0732993    0.117905    600    24
3 nl 0.0732993    0.116309    624    25
3 nl 0.0732993    0.115537    648    26
3 nl 0.0732993    0.115537    672    27
3 nl 0.0732993    0.114202    696    28
3 nl 0.0732993    0.111508    720    29
---------------------------------------
3 nl 0.0732993    0.11004    744    30
3 nl 0.0732993    0.109166    768    31
3 nl 0.0732993    0.109166    792    32
3 nl 0.0732993    0.109166    816    33
3 nl 0.0732993    0.109166    840    34
3 nl 0.0732993    0.109166    864    35
3 nl 0.0732993    0.109166    888    36
3 nl 0.0732993    0.108567    912    37
3 nl 0.0732993    0.108567    936    38
3 nl 0.0732993    0.108056    960    39
---------------------------------------
3 nl 0.0732993    0.107686    984    40
3 nl 0.0732993    0.107457    1008    41
3 nl 0.0732993    0.107457    1032    42
3 nl 0.0732993    0.107457    1056    43
3 nl 0.0732993    0.107126    1080    44
3 nl 0.0732993    0.107126    1104    45
3 nl 0.0732993    0.107126    1128    46
3 nl 0.0732993    0.107126    1152    47
3 nl 0.0732993    0.106532    1176    48
3 nl 0.0732993    0.106532    1200    49
---------------------------------------
3 nl 0.0732993    0.106532    1224    50
3 nl 0.0732993    0.106532    1248    51
3 nl 0.0732993    0.106532    1272    52
3 nl 0.0732993    0.106532    1296    53
3 nl 0.0732993    0.105826    1320    54
3 nl 0.0732993    0.105826    1344    55
3 nl 0.0732993    0.10521    1368    56
3 nl 0.0732993    0.10521    1392    57
3 nl 0.0732993    0.10521    1416    58
3 nl 0.0732993    0.10521    1440    59
---------------------------------------
3 nl 0.0732993    0.10521    1464    60
3 nl 0.0732993    0.10521    1488    61
3 nl 0.0732993    0.10521    1512    62
3 nl 0.0732993    0.10521    1536    63
3 nl 0.0732993    0.105002    1560    64
3 nl 0.0732993    0.104936    1584    65
3 nl 0.0732993    0.104936    1608    66
3 nl 0.0732993    0.104936    1632    67
3 nl 0.0732993    0.104689    1656    68
3 nl 0.0732993    0.104689    1680    69
---------------------------------------
3 nl 0.0732993    0.104689    1704    70
3 nl 0.0732993    0.104689    1728    71
3 nl 0.0732993    0.104689    1752    72
3 nl 0.0732993    0.104689    1776    73
3 nl 0.0732993    0.104228    1800    74
3 nl 0.0732993    0.104228    1824    75
3 nl 0.0732993    0.104228    1848    76
3 nl 0.0732993    0.104263    1872    77
3 nl 0.0732993    0.104263    1896    78
3 nl 0.0732993    0.104263    1920    79
---------------------------------------
3 nl 0.0732993    0.104137    1944    80
3 nl 0.0732993    0.104137    1968    81
3 nl 0.0732993    0.104137    1992    82
3 nl 0.0732993    0.104137    2016    83
3 nl 0.0732993    0.104137    2040    84
3 nl 0.0732993    0.104137    2064    85
3 nl 0.0732993    0.104137    2088    86
3 nl 0.0732993    0.104137    2112    87
3 nl 0.0732993    0.103877    2136    88
3 nl 0.0732993    0.103877    2160    89
---------------------------------------
3 nl 0.0732993    0.103737    2184    90
3 nl 0.0732993    0.103737    2208    91
3 nl 0.0732993    0.103581    2232    92
3 nl 0.0732993    0.103581    2256    93
3 nl 0.0732993    0.103399    2280    94
3 nl 0.0732993    0.103399    2304    95
3 nl 0.0732993    0.103312    2328    96
3 nl 0.0732993    0.103312    2352    97
3 nl 0.0732993    0.103312    2376    98
3 nl 0.0732993    0.102898    2400    99
---------------------------------------

 ------------------------------ 3  121200  RMSE:  0.0671479  0.0809201 NMSE:  0.052573 0.0946395
3 nl 0.0671479    0.141453    24    0
3 nl 0.0671479    0.141453    48    1
3 nl 0.0671479    0.137921    72    2
3 nl 0.0671479    0.136521    96    3
3 nl 0.0671479    0.136521    120    4
3 nl 0.0671479    0.134927    144    5
3 nl 0.0671479    0.134927    168    6
3 nl 0.0671479    0.134927    192    7
3 nl 0.0671479    0.13107    216    8
3 nl 0.0671479    0.126187    240    9
---------------------------------------
3 nl 0.0671479    0.125056    264    10
3 nl 0.0671479    0.116163    288    11
3 nl 0.0671479    0.113863    312    12
3 nl 0.0671479    0.113863    336    13
3 nl 0.0671479    0.109723    360    14
3 nl 0.0671479    0.109723    384    15
3 nl 0.0671479    0.109194    408    16
3 nl 0.0671479    0.108516    432    17
3 nl 0.0671479    0.107436    456    18
3 nl 0.0671479    0.106918    480    19
---------------------------------------
3 nl 0.0671479    0.106918    504    20
3 nl 0.0671479    0.106135    528    21
3 nl 0.0671479    0.104966    552    22
3 nl 0.0671479    0.104966    576    23
3 nl 0.0671479    0.104966    600    24
3 nl 0.0671479    0.104966    624    25
3 nl 0.0671479    0.103961    648    26
3 nl 0.0671479    0.103961    672    27
3 nl 0.0671479    0.103615    696    28
3 nl 0.0671479    0.103615    720    29
---------------------------------------
3 nl 0.0671479    0.103615    744    30
3 nl 0.0671479    0.103615    768    31
3 nl 0.0671479    0.102524    792    32
3 nl 0.0671479    0.102524    816    33
3 nl 0.0671479    0.10202    840    34
3 nl 0.0671479    0.101924    864    35
3 nl 0.0671479    0.101924    888    36
3 nl 0.0671479    0.101924    912    37
3 nl 0.0671479    0.101505    936    38
3 nl 0.0671479    0.101505    960    39
---------------------------------------
3 nl 0.0671479    0.101215    984    40
3 nl 0.0671479    0.101215    1008    41
3 nl 0.0671479    0.101174    1032    42
3 nl 0.0671479    0.101174    1056    43
3 nl 0.0671479    0.100308    1080    44
3 nl 0.0671479    0.100308    1104    45
3 nl 0.0671479    0.099884    1128    46
3 nl 0.0671479    0.099884    1152    47
3 nl 0.0671479    0.0996732    1176    48
3 nl 0.0671479    0.0992979    1200    49
---------------------------------------
3 nl 0.0671479    0.0992979    1224    50
3 nl 0.0671479    0.0992979    1248    51
3 nl 0.0671479    0.0992979    1272    52
3 nl 0.0671479    0.098588    1296    53
3 nl 0.0671479    0.098588    1320    54
3 nl 0.0671479    0.098588    1344    55
3 nl 0.0671479    0.0982588    1368    56
3 nl 0.0671479    0.0978657    1392    57
3 nl 0.0671479    0.0978298    1416    58
3 nl 0.0671479    0.0978298    1440    59
---------------------------------------
3 nl 0.0671479    0.0978298    1464    60
3 nl 0.0671479    0.0978298    1488    61
3 nl 0.0671479    0.0974497    1512    62
3 nl 0.0671479    0.0974497    1536    63
3 nl 0.0671479    0.0974497    1560    64
3 nl 0.0671479    0.0969101    1584    65
3 nl 0.0671479    0.0969101    1608    66
3 nl 0.0671479    0.0969101    1632    67
3 nl 0.0671479    0.0969101    1656    68
3 nl 0.0671479    0.0969069    1680    69
---------------------------------------
3 nl 0.0671479    0.0967282    1704    70
3 nl 0.0671479    0.0967282    1728    71
3 nl 0.0671479    0.0967282    1752    72
3 nl 0.0671479    0.0967282    1776    73
3 nl 0.0671479    0.0967282    1800    74
3 nl 0.0671479    0.0967282    1824    75
3 nl 0.0671479    0.0967282    1848    76
3 nl 0.0671479    0.0967282    1872    77
3 nl 0.0671479    0.0967282    1896    78
3 nl 0.0671479    0.0964815    1920    79
---------------------------------------
3 nl 0.0671479    0.0964815    1944    80
3 nl 0.0671479    0.0964815    1968    81
3 nl 0.0671479    0.0958116    1992    82
3 nl 0.0671479    0.0958116    2016    83
3 nl 0.0671479    0.0958116    2040    84
3 nl 0.0671479    0.0957035    2064    85
3 nl 0.0671479    0.0957035    2088    86
3 nl 0.0671479    0.0948531    2112    87
3 nl 0.0671479    0.0948531    2136    88
3 nl 0.0671479    0.0948531    2160    89
---------------------------------------
3 nl 0.0671479    0.0948531    2184    90
3 nl 0.0671479    0.0948531    2208    91
3 nl 0.0671479    0.0948531    2232    92
3 nl 0.0671479    0.0944987    2256    93
3 nl 0.0671479    0.0944987    2280    94
3 nl 0.0671479    0.0944987    2304    95
3 nl 0.0671479    0.0944987    2328    96
3 nl 0.0671479    0.0944481    2352    97
3 nl 0.0671479    0.0944481    2376    98
3 nl 0.0671479    0.0942451    2400    99
---------------------------------------

 ------------------------------ 3  121200  RMSE:  0.0653226  0.076141 NMSE:  0.0497535 0.0837908
3 nl 0.0653226    0.154742    24    0
3 nl 0.0653226    0.154742    48    1
3 nl 0.0653226    0.150023    72    2
3 nl 0.0653226    0.148498    96    3
3 nl 0.0653226    0.143661    120    4
3 nl 0.0653226    0.140682    144    5
3 nl 0.0653226    0.137744    168    6
3 nl 0.0653226    0.136566    192    7
3 nl 0.0653226    0.133704    216    8
3 nl 0.0653226    0.130628    240    9
---------------------------------------
3 nl 0.0653226    0.125233    264    10
3 nl 0.0653226    0.123216    288    11
3 nl 0.0653226    0.121875    312    12
3 nl 0.0653226    0.118479    336    13
3 nl 0.0653226    0.116728    360    14
3 nl 0.0653226    0.116728    384    15
3 nl 0.0653226    0.11559    408    16
3 nl 0.0653226    0.112764    432    17
3 nl 0.0653226    0.112764    456    18
3 nl 0.0653226    0.112764    480    19
---------------------------------------
3 nl 0.0653226    0.111811    504    20
3 nl 0.0653226    0.111739    528    21
3 nl 0.0653226    0.109533    552    22
3 nl 0.0653226    0.109148    576    23
3 nl 0.0653226    0.109148    600    24
3 nl 0.0653226    0.108423    624    25
3 nl 0.0653226    0.108423    648    26
3 nl 0.0653226    0.108423    672    27
3 nl 0.0653226    0.108423    696    28
3 nl 0.0653226    0.108423    720    29
---------------------------------------
3 nl 0.0653226    0.106263    744    30
3 nl 0.0653226    0.106263    768    31
3 nl 0.0653226    0.106263    792    32
3 nl 0.0653226    0.106204    816    33
3 nl 0.0653226    0.106204    840    34
3 nl 0.0653226    0.106204    864    35
3 nl 0.0653226    0.106204    888    36
3 nl 0.0653226    0.105572    912    37
3 nl 0.0653226    0.105572    936    38
3 nl 0.0653226    0.1047    960    39
---------------------------------------
3 nl 0.0653226    0.1047    984    40
3 nl 0.0653226    0.1047    1008    41
3 nl 0.0653226    0.1047    1032    42
3 nl 0.0653226    0.103045    1056    43
3 nl 0.0653226    0.103045    1080    44
3 nl 0.0653226    0.103045    1104    45
3 nl 0.0653226    0.103045    1128    46
3 nl 0.0653226    0.103045    1152    47
3 nl 0.0653226    0.103045    1176    48
3 nl 0.0653226    0.102952    1200    49
---------------------------------------
3 nl 0.0653226    0.102607    1224    50
3 nl 0.0653226    0.102607    1248    51
3 nl 0.0653226    0.102607    1272    52
3 nl 0.0653226    0.101163    1296    53
3 nl 0.0653226    0.101163    1320    54
3 nl 0.0653226    0.101163    1344    55
3 nl 0.0653226    0.100711    1368    56
3 nl 0.0653226    0.0990091    1392    57
3 nl 0.0653226    0.0987378    1416    58
3 nl 0.0653226    0.0978731    1440    59
---------------------------------------
3 nl 0.0653226    0.0972261    1464    60
3 nl 0.0653226    0.0969102    1488    61
3 nl 0.0653226    0.0969102    1512    62
3 nl 0.0653226    0.0969102    1536    63
3 nl 0.0653226    0.0969102    1560    64
3 nl 0.0653226    0.0969102    1584    65
3 nl 0.0653226    0.0967449    1608    66
3 nl 0.0653226    0.0967449    1632    67
3 nl 0.0653226    0.0967449    1656    68
3 nl 0.0653226    0.0966552    1680    69
---------------------------------------
3 nl 0.0653226    0.0966552    1704    70
3 nl 0.0653226    0.0958857    1728    71
3 nl 0.0653226    0.0950778    1752    72
3 nl 0.0653226    0.0950778    1776    73
3 nl 0.0653226    0.094725    1800    74
3 nl 0.0653226    0.094725    1824    75
3 nl 0.0653226    0.094725    1848    76
3 nl 0.0653226    0.0942847    1872    77
3 nl 0.0653226    0.0942847    1896    78
3 nl 0.0653226    0.0942847    1920    79
---------------------------------------
3 nl 0.0653226    0.0938915    1944    80
3 nl 0.0653226    0.0925054    1968    81
3 nl 0.0653226    0.0925054    1992    82
3 nl 0.0653226    0.0925054    2016    83
3 nl 0.0653226    0.0925054    2040    84
3 nl 0.0653226    0.0925054    2064    85
3 nl 0.0653226    0.0923928    2088    86
3 nl 0.0653226    0.0923928    2112    87
3 nl 0.0653226    0.0923928    2136    88
3 nl 0.0653226    0.0923928    2160    89
---------------------------------------
3 nl 0.0653226    0.0909025    2184    90
3 nl 0.0653226    0.090201    2208    91
3 nl 0.0653226    0.090201    2232    92
3 nl 0.0653226    0.090201    2256    93
3 nl 0.0653226    0.0900637    2280    94
3 nl 0.0653226    0.0900637    2304    95
3 nl 0.0653226    0.0896759    2328    96
3 nl 0.0653226    0.0896759    2352    97
3 nl 0.0653226    0.0887761    2376    98
3 nl 0.0653226    0.0887761    2400    99
---------------------------------------

 ------------------------------ 3  121200  RMSE:  0.062755  0.0721133 NMSE:  0.0459192 0.0751606
3 nl 0.062755    0.160406    24    0
3 nl 0.062755    0.158228    48    1
3 nl 0.062755    0.156956    72    2
3 nl 0.062755    0.151174    96    3
3 nl 0.062755    0.14448    120    4
3 nl 0.062755    0.143021    144    5
3 nl 0.062755    0.14133    168    6
3 nl 0.062755    0.14078    192    7
3 nl 0.062755    0.135729    216    8
3 nl 0.062755    0.135729    240    9
---------------------------------------
3 nl 0.062755    0.135729    264    10
3 nl 0.062755    0.133328    288    11
3 nl 0.062755    0.132869    312    12
3 nl 0.062755    0.132869    336    13
3 nl 0.062755    0.131299    360    14
3 nl 0.062755    0.130326    384    15
3 nl 0.062755    0.126482    408    16
3 nl 0.062755    0.126482    432    17
3 nl 0.062755    0.122389    456    18
3 nl 0.062755    0.121478    480    19
---------------------------------------
3 nl 0.062755    0.119421    504    20
3 nl 0.062755    0.119421    528    21
3 nl 0.062755    0.115481    552    22
3 nl 0.062755    0.115481    576    23
3 nl 0.062755    0.115481    600    24
3 nl 0.062755    0.108478    624    25
3 nl 0.062755    0.107677    648    26
3 nl 0.062755    0.107677    672    27
3 nl 0.062755    0.107677    696    28
3 nl 0.062755    0.106938    720    29
---------------------------------------
3 nl 0.062755    0.106938    744    30
3 nl 0.062755    0.106938    768    31
3 nl 0.062755    0.105926    792    32
3 nl 0.062755    0.105926    816    33
3 nl 0.062755    0.105156    840    34
3 nl 0.062755    0.105156    864    35
3 nl 0.062755    0.105012    888    36
3 nl 0.062755    0.105012    912    37
3 nl 0.062755    0.105012    936    38
3 nl 0.062755    0.105012    960    39
---------------------------------------
3 nl 0.062755    0.104844    984    40
3 nl 0.062755    0.104844    1008    41
3 nl 0.062755    0.102992    1032    42
3 nl 0.062755    0.102992    1056    43
3 nl 0.062755    0.102992    1080    44
3 nl 0.062755    0.102992    1104    45
3 nl 0.062755    0.102992    1128    46
3 nl 0.062755    0.10132    1152    47
3 nl 0.062755    0.10132    1176    48
3 nl 0.062755    0.101277    1200    49
---------------------------------------
3 nl 0.062755    0.101277    1224    50
3 nl 0.062755    0.101277    1248    51
3 nl 0.062755    0.100109    1272    52
3 nl 0.062755    0.100109    1296    53
3 nl 0.062755    0.0999408    1320    54
3 nl 0.062755    0.0999408    1344    55
3 nl 0.062755    0.0999408    1368    56
3 nl 0.062755    0.0988889    1392    57
3 nl 0.062755    0.0982906    1416    58
3 nl 0.062755    0.0982906    1440    59
---------------------------------------
3 nl 0.062755    0.0982906    1464    60
3 nl 0.062755    0.0979458    1488    61
3 nl 0.062755    0.096677    1512    62
3 nl 0.062755    0.0965157    1536    63
3 nl 0.062755    0.0963889    1560    64
3 nl 0.062755    0.0963889    1584    65
3 nl 0.062755    0.0963889    1608    66
3 nl 0.062755    0.0963889    1632    67
3 nl 0.062755    0.0963889    1656    68
3 nl 0.062755    0.0963889    1680    69
---------------------------------------
3 nl 0.062755    0.0962746    1704    70
3 nl 0.062755    0.0962746    1728    71
3 nl 0.062755    0.096026    1752    72
3 nl 0.062755    0.096026    1776    73
3 nl 0.062755    0.096026    1800    74
3 nl 0.062755    0.0959558    1824    75
3 nl 0.062755    0.0959558    1848    76
3 nl 0.062755    0.0954556    1872    77
3 nl 0.062755    0.0945933    1896    78
3 nl 0.062755    0.0945624    1920    79
---------------------------------------
3 nl 0.062755    0.0945624    1944    80
3 nl 0.062755    0.0945624    1968    81
3 nl 0.062755    0.0936237    1992    82
3 nl 0.062755    0.0934951    2016    83
3 nl 0.062755    0.0933488    2040    84
3 nl 0.062755    0.0933488    2064    85
3 nl 0.062755    0.0933488    2088    86
3 nl 0.062755    0.0928404    2112    87
3 nl 0.062755    0.0928404    2136    88
3 nl 0.062755    0.0928404    2160    89
---------------------------------------
3 nl 0.062755    0.0927853    2184    90
3 nl 0.062755    0.0927853    2208    91
3 nl 0.062755    0.0922456    2232    92
3 nl 0.062755    0.0920547    2256    93
3 nl 0.062755    0.0920547    2280    94
3 nl 0.062755    0.0915608    2304    95
3 nl 0.062755    0.0915608    2328    96
3 nl 0.062755    0.0915608    2352    97
3 nl 0.062755    0.0913591    2376    98
3 nl 0.062755    0.0912735    2400    99
---------------------------------------

 ------------------------------ 3  121200  RMSE:  0.0624867  0.0731595 NMSE:  0.0455274 0.0773573
3 nl 0.0624867    0.162528    24    0
3 nl 0.0624867    0.162528    48    1
3 nl 0.0624867    0.161783    72    2
3 nl 0.0624867    0.161783    96    3
3 nl 0.0624867    0.161783    120    4
3 nl 0.0624867    0.161783    144    5
3 nl 0.0624867    0.161289    168    6
3 nl 0.0624867    0.159954    192    7
3 nl 0.0624867    0.159954    216    8
3 nl 0.0624867    0.159954    240    9
---------------------------------------
3 nl 0.0624867    0.158838    264    10
3 nl 0.0624867    0.158838    288    11
3 nl 0.0624867    0.156319    312    12
3 nl 0.0624867    0.156319    336    13
3 nl 0.0624867    0.156319    360    14
3 nl 0.0624867    0.153445    384    15
3 nl 0.0624867    0.153445    408    16
3 nl 0.0624867    0.148785    432    17
3 nl 0.0624867    0.145788    456    18
3 nl 0.0624867    0.1417    480    19
---------------------------------------
3 nl 0.0624867    0.1417    504    20
3 nl 0.0624867    0.137337    528    21
3 nl 0.0624867    0.136655    552    22
3 nl 0.0624867    0.127025    576    23
3 nl 0.0624867    0.120547    600    24
3 nl 0.0624867    0.120547    624    25
3 nl 0.0624867    0.120547    648    26
3 nl 0.0624867    0.120547    672    27
3 nl 0.0624867    0.120547    696    28
3 nl 0.0624867    0.120547    720    29
---------------------------------------
3 nl 0.0624867    0.116715    744    30
3 nl 0.0624867    0.116715    768    31
3 nl 0.0624867    0.115404    792    32
3 nl 0.0624867    0.115404    816    33
3 nl 0.0624867    0.114963    840    34
3 nl 0.0624867    0.114963    864    35
3 nl 0.0624867    0.114527    888    36
3 nl 0.0624867    0.114527    912    37
3 nl 0.0624867    0.114527    936    38
3 nl 0.0624867    0.114527    960    39
---------------------------------------
3 nl 0.0624867    0.114218    984    40
3 nl 0.0624867    0.113699    1008    41
3 nl 0.0624867    0.113699    1032    42
3 nl 0.0624867    0.111456    1056    43
3 nl 0.0624867    0.111456    1080    44
3 nl 0.0624867    0.111342    1104    45
3 nl 0.0624867    0.111342    1128    46
3 nl 0.0624867    0.111342    1152    47
3 nl 0.0624867    0.110849    1176    48
3 nl 0.0624867    0.110849    1200    49
---------------------------------------
3 nl 0.0624867    0.110849    1224    50
3 nl 0.0624867    0.110849    1248    51
3 nl 0.0624867    0.110396    1272    52
3 nl 0.0624867    0.110396    1296    53
3 nl 0.0624867    0.110396    1320    54
3 nl 0.0624867    0.110396    1344    55
3 nl 0.0624867    0.110396    1368    56
3 nl 0.0624867    0.110396    1392    57
3 nl 0.0624867    0.110278    1416    58
3 nl 0.0624867    0.110137    1440    59
---------------------------------------
3 nl 0.0624867    0.110137    1464    60
3 nl 0.0624867    0.110137    1488    61
3 nl 0.0624867    0.109239    1512    62
3 nl 0.0624867    0.109239    1536    63
3 nl 0.0624867    0.108848    1560    64
3 nl 0.0624867    0.108848    1584    65
3 nl 0.0624867    0.108848    1608    66
3 nl 0.0624867    0.108848    1632    67
3 nl 0.0624867    0.108848    1656    68
3 nl 0.0624867    0.108848    1680    69
---------------------------------------
3 nl 0.0624867    0.108848    1704    70
3 nl 0.0624867    0.107099    1728    71
3 nl 0.0624867    0.107099    1752    72
3 nl 0.0624867    0.107099    1776    73
3 nl 0.0624867    0.107099    1800    74
3 nl 0.0624867    0.107099    1824    75
3 nl 0.0624867    0.107099    1848    76
3 nl 0.0624867    0.107099    1872    77
3 nl 0.0624867    0.106645    1896    78
3 nl 0.0624867    0.106548    1920    79
---------------------------------------
3 nl 0.0624867    0.106548    1944    80
3 nl 0.0624867    0.106197    1968    81
3 nl 0.0624867    0.106197    1992    82
3 nl 0.0624867    0.10616    2016    83
3 nl 0.0624867    0.10616    2040    84
3 nl 0.0624867    0.1061    2064    85
3 nl 0.0624867    0.1061    2088    86
3 nl 0.0624867    0.105907    2112    87
3 nl 0.0624867    0.105902    2136    88
3 nl 0.0624867    0.105857    2160    89
---------------------------------------
3 nl 0.0624867    0.105857    2184    90
3 nl 0.0624867    0.105699    2208    91
3 nl 0.0624867    0.105402    2232    92
3 nl 0.0624867    0.105137    2256    93
3 nl 0.0624867    0.105083    2280    94
3 nl 0.0624867    0.105083    2304    95
3 nl 0.0624867    0.104893    2328    96
3 nl 0.0624867    0.104893    2352    97
3 nl 0.0624867    0.104893    2376    98
3 nl 0.0624867    0.104893    2400    99
---------------------------------------

 ------------------------------ 3  121200  RMSE:  0.0620539  0.0764697 NMSE:  0.0448989 0.0845159
3 nl 0.0620539    0.121356    24    0
3 nl 0.0620539    0.118803    48    1
3 nl 0.0620539    0.118803    72    2
3 nl 0.0620539    0.114576    96    3
3 nl 0.0620539    0.110434    120    4
3 nl 0.0620539    0.110434    144    5
3 nl 0.0620539    0.109115    168    6
3 nl 0.0620539    0.109115    192    7
3 nl 0.0620539    0.109115    216    8
3 nl 0.0620539    0.105752    240    9
---------------------------------------
3 nl 0.0620539    0.105752    264    10
3 nl 0.0620539    0.105752    288    11
3 nl 0.0620539    0.104899    312    12
3 nl 0.0620539    0.104807    336    13
3 nl 0.0620539    0.104472    360    14
3 nl 0.0620539    0.104011    384    15
3 nl 0.0620539    0.102799    408    16
3 nl 0.0620539    0.102799    432    17
3 nl 0.0620539    0.102742    456    18
3 nl 0.0620539    0.102742    480    19
---------------------------------------
3 nl 0.0620539    0.10264    504    20
3 nl 0.0620539    0.102256    528    21
3 nl 0.0620539    0.101658    552    22
3 nl 0.0620539    0.101658    576    23
3 nl 0.0620539    0.101658    600    24
3 nl 0.0620539    0.101518    624    25
3 nl 0.0620539    0.101518    648    26
3 nl 0.0620539    0.101518    672    27
3 nl 0.0620539    0.101518    696    28
3 nl 0.0620539    0.100044    720    29
---------------------------------------
3 nl 0.0620539    0.0994482    744    30
3 nl 0.0620539    0.0994482    768    31
3 nl 0.0620539    0.0992333    792    32
3 nl 0.0620539    0.0988117    816    33
3 nl 0.0620539    0.098681    840    34
3 nl 0.0620539    0.0983424    864    35
3 nl 0.0620539    0.0983424    888    36
3 nl 0.0620539    0.0979717    912    37
3 nl 0.0620539    0.0979717    936    38
3 nl 0.0620539    0.0979717    960    39
---------------------------------------
3 nl 0.0620539    0.0979717    984    40
3 nl 0.0620539    0.0979717    1008    41
3 nl 0.0620539    0.0967543    1032    42
3 nl 0.0620539    0.0967543    1056    43
3 nl 0.0620539    0.0965366    1080    44
3 nl 0.0620539    0.0965366    1104    45
3 nl 0.0620539    0.0962792    1128    46
3 nl 0.0620539    0.0962792    1152    47
3 nl 0.0620539    0.0956405    1176    48
3 nl 0.0620539    0.0956405    1200    49
---------------------------------------
3 nl 0.0620539    0.0956405    1224    50
3 nl 0.0620539    0.0956405    1248    51
3 nl 0.0620539    0.0956405    1272    52
3 nl 0.0620539    0.0954547    1296    53
3 nl 0.0620539    0.0954547    1320    54
3 nl 0.0620539    0.0954547    1344    55
3 nl 0.0620539    0.0954547    1368    56
3 nl 0.0620539    0.094934    1392    57
3 nl 0.0620539    0.0948064    1416    58
3 nl 0.0620539    0.0940857    1440    59
---------------------------------------
3 nl 0.0620539    0.0935551    1464    60
3 nl 0.0620539    0.0935551    1488    61
3 nl 0.0620539    0.0930361    1512    62
3 nl 0.0620539    0.0930361    1536    63
3 nl 0.0620539    0.0930361    1560    64
3 nl 0.0620539    0.0929785    1584    65
3 nl 0.0620539    0.0894566    1608    66
3 nl 0.0620539    0.0878229    1632    67
3 nl 0.0620539    0.0878229    1656    68
3 nl 0.0620539    0.0878229    1680    69
---------------------------------------
3 nl 0.0620539    0.0871307    1704    70
3 nl 0.0620539    0.0866627    1728    71
3 nl 0.0620539    0.0866627    1752    72
3 nl 0.0620539    0.0863607    1776    73
3 nl 0.0620539    0.0863607    1800    74
3 nl 0.0620539    0.0860441    1824    75
3 nl 0.0620539    0.085428    1848    76
3 nl 0.0620539    0.085428    1872    77
3 nl 0.0620539    0.085428    1896    78
3 nl 0.0620539    0.085428    1920    79
---------------------------------------
3 nl 0.0620539    0.085428    1944    80
3 nl 0.0620539    0.085428    1968    81
3 nl 0.0620539    0.085428    1992    82
3 nl 0.0620539    0.0851733    2016    83
3 nl 0.0620539    0.0851733    2040    84
3 nl 0.0620539    0.0851733    2064    85
3 nl 0.0620539    0.0851733    2088    86
3 nl 0.0620539    0.0851733    2112    87
3 nl 0.0620539    0.0851733    2136    88
3 nl 0.0620539    0.0851733    2160    89
---------------------------------------
3 nl 0.0620539    0.0850835    2184    90
3 nl 0.0620539    0.0848787    2208    91
3 nl 0.0620539    0.0848787    2232    92
3 nl 0.0620539    0.0848787    2256    93
3 nl 0.0620539    0.0848787    2280    94
3 nl 0.0620539    0.0848787    2304    95
3 nl 0.0620539    0.0844781    2328    96
3 nl 0.0620539    0.0844781    2352    97
3 nl 0.0620539    0.0844781    2376    98
3 nl 0.0620539    0.0844781    2400    99
---------------------------------------

 ------------------------------ 3  121200  RMSE:  0.0645535  0.0779443 NMSE:  0.0485888 0.0878067
