-0.00875255 -0.00398525 0.000255749 0.00405732
0.000255749 0.00405732 0.00749764 0.0106469
0.00749764 0.0106469 0.0135682 0.0163185
0.0135682 0.0163185 0.0189491 0.0215072
0.0189491 0.0215072 0.0240359 0.0265752
0.0240359 0.0265752 0.0291627 0.0318344
0.0291627 0.0318344 0.0346251 0.0375689
0.0346251 0.0375689 0.0407 0.0440531
0.0407 0.0440531 0.0476637 0.0515693
0.0476637 0.0515693 0.0558089 0.0604243
0.0558089 0.0604243 0.0654605 0.0709657
0.0654605 0.0709657 0.0769923 0.0835973
0.0769923 0.0835973 0.0908429 0.098797
0.0908429 0.098797 0.107534 0.117134
0.107534 0.117134 0.127686 0.139287
0.127686 0.139287 0.152039 0.166056
0.152039 0.166056 0.181459 0.198378
0.181459 0.198378 0.216947 0.237311
0.216947 0.237311 0.259614 0.284004
0.259614 0.284004 0.310622 0.3396
0.310622 0.3396 0.371047 0.405043
0.371047 0.405043 0.441618 0.480737
0.441618 0.480737 0.522274 0.565985
0.522274 0.565985 0.611482 0.658196
0.611482 0.658196 0.705358 0.751974
0.705358 0.751974 0.796824 0.838485
0.796824 0.838485 0.875377 0.905854
0.875377 0.905854 0.928317 0.94136
0.928317 0.94136 0.943915 0.935377
0.943915 0.935377 0.91569 0.885364
0.91569 0.885364 0.845432 0.797342
0.845432 0.797342 0.742819 0.683706
0.742819 0.683706 0.621823 0.558851
0.621823 0.558851 0.496253 0.435235
0.496253 0.435235 0.37673 0.321412
0.37673 0.321412 0.269725 0.221913
0.269725 0.221913 0.178058 0.138117
0.178058 0.138117 0.101949 0.0693475
0.101949 0.0693475 0.0400584 0.0138007
0.0400584 0.0138007 -0.00972064 -0.0308035
-0.00972064 -0.0308035 -0.0497417 -0.0668183
-0.0497417 -0.0668183 -0.0823031 -0.0964499
-0.0823031 -0.0964499 -0.109496 -0.12166
-0.109496 -0.12166 -0.133145 -0.144137
-0.133145 -0.144137 -0.154809 -0.165318
-0.154809 -0.165318 -0.175808 -0.186414
-0.175808 -0.186414 -0.19726 -0.20846
-0.19726 -0.20846 -0.22012 -0.232341
-0.22012 -0.232341 -0.245215 -0.258829
-0.245215 -0.258829 -0.273261 -0.288584
-0.273261 -0.288584 -0.304863 -0.322152
-0.304863 -0.322152 -0.340495 -0.35992
-0.340495 -0.35992 -0.380441 -0.402049
-0.380441 -0.402049 -0.42471 -0.448359
-0.42471 -0.448359 -0.472896 -0.498179
-0.472896 -0.498179 -0.524019 -0.550173
-0.524019 -0.550173 -0.576344 -0.602175
-0.576344 -0.602175 -0.627253 -0.651116
-0.627253 -0.651116 -0.673256 -0.693142
-0.673256 -0.693142 -0.710234 -0.724013
-0.710234 -0.724013 -0.734006 -0.739816
-0.734006 -0.739816 -0.74115 -0.73784
-0.74115 -0.73784 -0.729863 -0.717342
-0.729863 -0.717342 -0.700541 -0.679854
-0.700541 -0.679854 -0.65578 -0.628893
-0.65578 -0.628893 -0.599813 -0.569173
-0.599813 -0.569173 -0.53759 -0.505646
-0.53759 -0.505646 -0.473866 -0.44271
-0.473866 -0.44271 -0.412563 -0.383739
-0.412563 -0.383739 -0.356479 -0.330959
-0.356479 -0.330959 -0.307295 -0.285554
-0.307295 -0.285554 -0.26576 -0.247901
-0.26576 -0.247901 -0.231939 -0.217817
-0.231939 -0.217817 -0.205462 -0.194793
-0.205462 -0.194793 -0.185724 -0.178168
-0.185724 -0.178168 -0.17204 -0.167259
-0.17204 -0.167259 -0.163748 -0.161439
-0.163748 -0.161439 -0.160272 -0.160193
-0.160272 -0.160193 -0.16116 -0.163138
-0.16116 -0.163138 -0.166101 -0.170033
-0.166101 -0.170033 -0.174925 -0.180777
-0.174925 -0.180777 -0.187598 -0.195404
-0.187598 -0.195404 -0.204218 -0.214069
-0.204218 -0.214069 -0.224993 -0.237031
-0.224993 -0.237031 -0.250226 -0.264626
-0.250226 -0.264626 -0.280278 -0.297229
-0.280278 -0.297229 -0.315522 -0.335193
-0.315522 -0.335193 -0.356267 -0.378754
-0.356267 -0.378754 -0.402642 -0.427892
-0.402642 -0.427892 -0.45443 -0.482139
-0.45443 -0.482139 -0.51085 -0.540333
-0.51085 -0.540333 -0.570289 -0.600345
-0.570289 -0.600345 -0.630047 -0.658867
-0.630047 -0.658867 -0.686201 -0.711391
-0.686201 -0.711391 -0.733743 -0.752555
-0.733743 -0.752555 -0.76716 -0.776963
-0.76716 -0.776963 -0.781486 -0.780405
-0.781486 -0.780405 -0.773579 -0.761068
-0.773579 -0.761068 -0.743133 -0.72022
-0.743133 -0.72022 -0.692931 -0.661983
-0.692931 -0.661983 -0.628165 -0.592291
-0.628165 -0.592291 -0.555158 -0.517514
-0.555158 -0.517514 -0.480031 -0.44329
-0.480031 -0.44329 -0.407772 -0.373859
-0.407772 -0.373859 -0.341837 -0.311905
-0.341837 -0.311905 -0.284185 -0.258735
-0.284185 -0.258735 -0.23556 -0.21462
-0.23556 -0.21462 -0.195845 -0.179141
-0.195845 -0.179141 -0.164399 -0.151498
-0.164399 -0.151498 -0.140317 -0.130731
-0.140317 -0.130731 -0.12262 -0.11587
-0.12262 -0.11587 -0.110374 -0.106033
-0.110374 -0.106033 -0.102759 -0.100473
-0.102759 -0.100473 -0.0991059 -0.0986
-0.0991059 -0.0986 -0.0989067 -0.0999873
-0.0989067 -0.0999873 -0.101813 -0.104363
-0.101813 -0.104363 -0.107627 -0.111603
-0.107627 -0.111603 -0.116295 -0.121719
-0.116295 -0.121719 -0.127895 -0.134854
-0.127895 -0.134854 -0.142632 -0.151272
-0.142632 -0.151272 -0.160827 -0.171354
-0.160827 -0.171354 -0.182918 -0.19559
-0.182918 -0.19559 -0.209446 -0.224569
-0.209446 -0.224569 -0.241042 -0.258953
-0.241042 -0.258953 -0.278389 -0.299433
-0.278389 -0.299433 -0.322163 -0.346643
-0.322163 -0.346643 -0.372919 -0.401013
-0.372919 -0.401013 -0.43091 -0.462548
-0.43091 -0.462548 -0.495805 -0.530487
-0.495805 -0.530487 -0.566306 -0.602875
-0.566306 -0.602875 -0.639685 -0.676106
-0.639685 -0.676106 -0.711381 -0.744637
-0.711381 -0.744637 -0.77491 -0.801181
-0.77491 -0.801181 -0.822434 -0.837718
-0.822434 -0.837718 -0.846227 -0.847362
-0.846227 -0.847362 -0.840803 -0.826535
-0.840803 -0.826535 -0.804865 -0.7764
-0.804865 -0.7764 -0.741996 -0.702692
-0.741996 -0.702692 -0.659633 -0.613989
-0.659633 -0.613989 -0.566894 -0.519384
-0.566894 -0.519384 -0.472366 -0.426597
-0.472366 -0.426597 -0.382678 -0.341056
-0.382678 -0.341056 -0.302042 -0.265825
-0.302042 -0.265825 -0.232491 -0.202042
-0.232491 -0.202042 -0.174415 -0.149497
-0.174415 -0.149497 -0.127141 -0.107176
-0.127141 -0.107176 -0.0894171 -0.0736722
-0.0894171 -0.0736722 -0.0597501 -0.0474637
-0.0597501 -0.0474637 -0.0366327 -0.0270869
-0.0366327 -0.0270869 -0.0186666 -0.0112241
-0.0186666 -0.0112241 -0.00462305 0.00126102
-0.00462305 0.00126102 0.00654139 0.011321
0.00654139 0.011321 0.015693 0.0197419
0.015693 0.0197419 0.0235441 0.0271693
0.0235441 0.0271693 0.0306812 0.0341382
0.0306812 0.0341382 0.0375949 0.0411023
0.0375949 0.0411023 0.0447089 0.0484615
0.0447089 0.0484615 0.0524058 0.0565875
0.0524058 0.0565875 0.0610523 0.0658469
0.0610523 0.0658469 0.07102 0.0766223
0.07102 0.0766223 0.0827073 0.0893323
0.0827073 0.0893323 0.0965583 0.104451
0.0965583 0.104451 0.113081 0.122526
0.113081 0.122526 0.132868 0.144197
0.132868 0.144197 0.156608 0.170206
0.156608 0.170206 0.185101 0.20141
0.185101 0.20141 0.219257 0.23877
0.219257 0.23877 0.260079 0.283313
0.260079 0.283313 0.3086 0.336054
0.3086 0.336054 0.365771 0.397819
0.365771 0.397819 0.432225 0.468956
0.432225 0.468956 0.507901 0.548852
0.507901 0.548852 0.591472 0.635276
0.591472 0.635276 0.679602 0.723601
0.679602 0.723601 0.766226 0.806249
0.766226 0.806249 0.842294 0.872906
0.842294 0.872906 0.896642 0.912186
0.896642 0.912186 0.918471 0.914796
0.918471 0.914796 0.900912 0.877061
0.900912 0.877061 0.843961 0.802739
0.843961 0.802739 0.754824 0.70182
0.754824 0.70182 0.645378 0.587078
0.645378 0.587078 0.528354 0.47043
0.528354 0.47043 0.414298 0.360719
0.414298 0.360719 0.31023 0.263174
0.31023 0.263174 0.219728 0.179936
0.219728 0.179936 0.143736 0.110985
0.143736 0.110985 0.0814877 0.0550083
0.0814877 0.0550083 0.0312899 0.0100646
0.0312899 0.0100646 -0.00893718 -0.0259803
-0.00893718 -0.0259803 -0.0413199 -0.0551989
-0.0413199 -0.0551989 -0.0678458 -0.0794738
-0.0678458 -0.0794738 -0.0902811 -0.100451
-0.0902811 -0.100451 -0.110152 -0.11954
-0.110152 -0.11954 -0.128759 -0.137943
-0.128759 -0.137943 -0.147215 -0.156692
-0.147215 -0.156692 -0.166483 -0.176692
-0.166483 -0.176692 -0.187417 -0.198753
-0.187417 -0.198753 -0.210791 -0.22362
-0.210791 -0.22362 -0.237326 -0.25199
-0.237326 -0.25199 -0.267692 -0.284506
-0.267692 -0.284506 -0.302498 -0.321727
-0.302498 -0.321727 -0.342241 -0.364072
-0.342241 -0.364072 -0.387232 -0.411708
-0.387232 -0.411708 -0.437455 -0.464391
-0.437455 -0.464391 -0.492383 -0.521246
-0.492383 -0.521246 -0.55073 -0.580514
-0.55073 -0.580514 -0.610204 -0.639325
-0.610204 -0.639325 -0.667329 -0.693604
-0.667329 -0.693604 -0.717488 -0.738297
-0.717488 -0.738297 -0.755354 -0.768029
-0.755354 -0.768029 -0.77578 -0.778195
-0.77578 -0.778195 -0.775023 -0.766199
-0.775023 -0.766199 -0.751857 -0.732322
-0.751857 -0.732322 -0.70809 -0.679797
-0.70809 -0.679797 -0.648174 -0.614009
-0.648174 -0.614009 -0.578096 -0.541205
-0.578096 -0.541205 -0.504046 -0.467248
-0.504046 -0.467248 -0.43135 -0.396792
-0.43135 -0.396792 -0.363918 -0.332979
-0.363918 -0.332979 -0.304148 -0.277523
-0.304148 -0.277523 -0.253144 -0.231003
-0.253144 -0.231003 -0.211051 -0.193213
-0.211051 -0.193213 -0.177392 -0.163478
-0.177392 -0.163478 -0.151353 -0.140897
-0.151353 -0.140897 -0.13199 -0.124517
-0.13199 -0.124517 -0.118369 -0.113444
-0.118369 -0.113444 -0.10965 -0.106904
-0.10965 -0.106904 -0.105132 -0.104273
-0.105132 -0.104273 -0.104273 -0.105089
-0.104273 -0.105089 -0.106689 -0.109049
-0.106689 -0.109049 -0.112153 -0.115996
-0.112153 -0.115996 -0.120581 -0.125919
-0.120581 -0.125919 -0.132028 -0.138936
-0.132028 -0.138936 -0.146676 -0.15529
-0.146676 -0.15529 -0.164828 -0.175345
-0.164828 -0.175345 -0.186903 -0.199571
-0.186903 -0.199571 -0.213422 -0.228535
-0.213422 -0.228535 -0.244991 -0.262874
-0.244991 -0.262874 -0.282267 -0.303248
-0.282267 -0.303248 -0.32589 -0.35025
-0.32589 -0.35025 -0.376371 -0.404266
-0.376371 -0.404266 -0.433912 -0.46524
-0.433912 -0.46524 -0.498123 -0.532358
-0.498123 -0.532358 -0.567654 -0.603619
-0.567654 -0.603619 -0.639748 -0.675416
-0.639748 -0.675416 -0.709877 -0.742277
-0.709877 -0.742277 -0.771676 -0.79709
-0.771676 -0.79709 -0.817539 -0.832113
-0.817539 -0.832113 -0.840046 -0.840777
-0.840046 -0.840777 -0.834011 -0.81975
-0.834011 -0.81975 -0.798303 -0.770266
-0.798303 -0.770266 -0.736472 -0.697928
-0.736472 -0.697928 -0.655741 -0.611044
-0.655741 -0.611044 -0.564933 -0.518412
-0.564933 -0.518412 -0.472361 -0.427517
-0.472361 -0.427517 -0.384466 -0.343647
-0.384466 -0.343647 -0.305366 -0.269813
-0.305366 -0.269813 -0.237076 -0.207163
-0.237076 -0.207163 -0.180015 -0.155529
-0.180015 -0.155529 -0.133564 -0.113956
-0.133564 -0.113956 -0.0965273 -0.0810944
-0.0965273 -0.0810944 -0.0674723 -0.0554802
-0.0674723 -0.0554802 -0.044944 -0.0356989
-0.044944 -0.0356989 -0.0275908 -0.0204768
-0.0275908 -0.0204768 -0.0142257 -0.00871761
-0.0142257 -0.00871761 -0.00384391 0.000493718
-0.00384391 0.000493718 0.00438373 0.00790583
0.00438373 0.00790583 0.0111315 0.0141251
0.0111315 0.0141251 0.0169448 0.0196432
0.0169448 0.0196432 0.0222682 0.024864
0.0222682 0.024864 0.0274716 0.0301294
0.0274716 0.0301294 0.0328744 0.0357419
0.0328744 0.0357419 0.0387672 0.0419852
0.0387672 0.0419852 0.0454315 0.0491426
0.0454315 0.0491426 0.0531566 0.0575138
0.0531566 0.0575138 0.0622571 0.0674322
0.0622571 0.0674322 0.0730888 0.0792804
0.0730888 0.0792804 0.0860655 0.0935076
0.0860655 0.0935076 0.101676 0.110647
0.101676 0.110647 0.120503 0.131333
0.120503 0.131333 0.143236 0.156318
0.143236 0.156318 0.170693 0.186484
0.170693 0.186484 0.203821 0.222841
0.203821 0.222841 0.243686 0.266503
0.243686 0.266503 0.291435 0.318622
0.291435 0.318622 0.348187 0.380232
0.348187 0.380232 0.414822 0.451973
0.414822 0.451973 0.491623 0.533619
0.491623 0.533619 0.57768 0.623373
0.57768 0.623373 0.670082 0.716982
0.670082 0.716982 0.763026 0.806945
0.763026 0.806945 0.84728 0.882439
0.84728 0.882439 0.910788 0.930781
0.910788 0.930781 0.941099 0.940795
0.941099 0.940795 0.929406 0.907023
0.929406 0.907023 0.874293 0.832356
0.874293 0.832356 0.782734 0.727178
0.782734 0.727178 0.667523 0.605548
