0.863718 0.863718 0.861074 0.867641 0.861015 0.848002
0.867641 0.861015 0.848002 0.853271 0.868999 0.86794
0.853271 0.868999 0.86794 0.860673 0.86838 0.867599
0.860673 0.86838 0.867599 0.851452 0.848054 0.865446
0.851452 0.848054 0.865446 0.879575 0.882496 0.871963
0.879575 0.882496 0.871963 0.864606 0.869417 0.871377
0.864606 0.869417 0.871377 0.875665 0.891465 0.903842
0.875665 0.891465 0.903842 0.899177 0.899651 0.910284
0.899177 0.899651 0.910284 0.914803 0.917525 0.916512
0.914803 0.917525 0.916512 0.923465 0.931906 0.931906
0.923465 0.931906 0.931906 0.933189 0.936276 0.938077
0.933189 0.936276 0.938077 0.938077 0.938077 0.936276
0.938077 0.938077 0.936276 0.934326 0.935633 0.934498
0.934326 0.935633 0.934498 0.937771 0.941657 0.938878
0.937771 0.941657 0.938878 0.942265 0.955031 0.963605
0.942265 0.955031 0.963605 0.957288 0.953341 0.9564
0.957288 0.953341 0.9564 0.958449 0.961698 0.963605
0.958449 0.961698 0.963605 0.963605 0.963605 0.963605
0.963605 0.963605 0.963605 0.965371 0.968677 0.969545
0.965371 0.968677 0.969545 0.96624 0.963605 0.963605
0.96624 0.963605 0.963605 0.959262 0.954332 0.955418
0.959262 0.954332 0.955418 0.955343 0.939703 0.925815
0.955343 0.939703 0.925815 0.92382 0.915784 0.90361
0.92382 0.915784 0.90361 0.899852 0.899624 0.88277
0.899852 0.899624 0.88277 0.860916 0.853311 0.831545
0.860916 0.853311 0.831545 0.81098 0.810416 0.797798
0.81098 0.810416 0.797798 0.788613 0.789378 0.785533
0.788613 0.789378 0.785533 0.784508 0.784779 0.780717
0.784508 0.784779 0.780717 0.780411 0.780269 0.77618
0.780411 0.780269 0.77618 0.776322 0.771885 0.761481
0.776322 0.771885 0.761481 0.757485 0.757485 0.757746
0.757485 0.757485 0.757746 0.759782 0.762875 0.764933
0.759782 0.762875 0.764933 0.765674 0.765674 0.767801
0.765674 0.765674 0.767801 0.778435 0.788613 0.794541
0.778435 0.788613 0.794541 0.806438 0.807622 0.8031
0.806438 0.807622 0.8031 0.806683 0.804305 0.801882
0.806683 0.804305 0.801882 0.80622 0.813872 0.818785
0.80622 0.813872 0.818785 0.820042 0.822421 0.823545
0.820042 0.822421 0.823545 0.823545 0.824508 0.826995
0.823545 0.824508 0.826995 0.830876 0.833234 0.838816
0.830876 0.833234 0.838816 0.856707 0.869016 0.869016
0.856707 0.869016 0.869016 0.863844 0.850913 0.843153
0.863844 0.850913 0.843153 0.854271 0.868768 0.872123
0.854271 0.868768 0.872123 0.884307 0.880391 0.867005
0.884307 0.880391 0.867005 0.874779 0.879812 0.88508
0.874779 0.879812 0.88508 0.879599 0.864609 0.862429
0.879599 0.864609 0.862429 0.872152 0.881902 0.88734
0.872152 0.881902 0.88734 0.894845 0.903505 0.913718
0.894845 0.903505 0.913718 0.921827 0.925022 0.926692
0.921827 0.925022 0.926692 0.929738 0.931906 0.931906
0.929738 0.931906 0.931906 0.931906 0.931906 0.932548
0.931906 0.931906 0.932548 0.935633 0.941205 0.944332
0.935633 0.941205 0.944332 0.944332 0.944332 0.944964
0.944332 0.944332 0.944964 0.948137 0.950668 0.953293
0.948137 0.950668 0.953293 0.958563 0.960924 0.959753
0.958563 0.960924 0.959753 0.961547 0.967222 0.973304
0.961547 0.967222 0.973304 0.976656 0.974862 0.972983
0.976656 0.974862 0.972983 0.974088 0.972983 0.973927
0.974088 0.972983 0.973927 0.976892 0.976892 0.976892
0.976892 0.976892 0.976892 0.978498 0.981888 0.983682
0.978498 0.981888 0.983682 0.983625 0.980235 0.979801
0.983625 0.980235 0.979801 0.980802 0.97608 0.972983
0.980802 0.97608 0.972983 0.97337 0.968554 0.956882
0.97337 0.968554 0.956882 0.953397 0.956608 0.951046
0.953397 0.956608 0.951046 0.939269 0.935633 0.934819
0.939269 0.935633 0.934819 0.926823 0.9226 0.921218
0.926823 0.9226 0.921218 0.910843 0.885862 0.871248
0.910843 0.885862 0.871248 0.86967 0.862737 0.861666
0.86967 0.862737 0.861666 0.849939 0.834697 0.833687
0.849939 0.834697 0.833687 0.836153 0.82621 0.811841
0.836153 0.82621 0.811841 0.809209 0.802388 0.795785
0.809209 0.802388 0.795785 0.795785 0.795785 0.797494
0.795785 0.795785 0.797494 0.801315 0.806427 0.811623
0.801315 0.806427 0.811623 0.81014 0.803372 0.800281
0.81014 0.803372 0.800281 0.803573 0.808147 0.809427
0.803573 0.808147 0.809427 0.807312 0.805013 0.806305
0.807312 0.805013 0.806305 0.820508 0.833234 0.821061
0.820508 0.833234 0.821061 0.821061 0.821061 0.821061
0.821061 0.821061 0.821061 0.80866 0.826107 0.838843
0.80866 0.826107 0.838843 0.854889 0.862775 0.875206
0.854889 0.862775 0.875206 0.885311 0.889574 0.89875
0.885311 0.889574 0.89875 0.905837 0.91094 0.911644
0.905837 0.91094 0.911644 0.910214 0.91244 0.913964
0.910214 0.91244 0.913964 0.916931 0.922208 0.926968
0.916931 0.922208 0.926968 0.930615 0.931468 0.928422
0.930615 0.931468 0.928422 0.928617 0.933835 0.935633
0.928617 0.933835 0.935633 0.935201 0.939858 0.944332
0.935201 0.939858 0.944332 0.936185 0.937185 0.953246
0.936185 0.937185 0.953246 0.957193 0.943063 0.931906
0.957193 0.943063 0.931906 0.934572 0.929718 0.920517
0.934572 0.929718 0.920517 0.922327 0.925815 0.917198
0.922327 0.925815 0.917198 0.91912 0.933868 0.936214
0.91912 0.933868 0.936214 0.930823 0.935814 0.947117
0.930823 0.935814 0.947117 0.948109 0.945323 0.944332
0.948109 0.945323 0.944332 0.943785 0.937572 0.934597
0.943785 0.937572 0.934597 0.937683 0.935282 0.929151
0.937683 0.935282 0.929151 0.92584 0.928885 0.927114
0.92584 0.928885 0.927114 0.924451 0.929244 0.931516
0.924451 0.929244 0.931516 0.928471 0.931358 0.939666
0.928471 0.931358 0.939666 0.938789 0.932149 0.933614
0.938789 0.932149 0.933614 0.938077 0.935436 0.934326
0.938077 0.935436 0.934326 0.935633 0.933659 0.931906
0.935633 0.933659 0.931906 0.934992 0.935633 0.934326
0.934992 0.935633 0.934326 0.935633 0.934326 0.935461
0.935633 0.934326 0.935461 0.935165 0.932079 0.930347
0.935165 0.932079 0.930347 0.927302 0.926208 0.932339
0.927302 0.926208 0.932339 0.917877 0.894277 0.890879
0.917877 0.894277 0.890879 0.889628 0.889628 0.889628
0.889628 0.889628 0.889628 0.889628 0.889628 0.889628
0.889628 0.889628 0.889628 0.840349 0.85313 0.858483
0.840349 0.85313 0.858483 0.860933 0.872025 0.886765
0.860933 0.872025 0.886765 0.894942 0.899624 0.91204
0.894942 0.899624 0.91204 0.925686 0.93439 0.944964
0.925686 0.93439 0.944964 0.950725 0.957184 0.960895
0.950725 0.957184 0.960895 0.959753 0.964012 0.968459
0.959753 0.964012 0.968459 0.97066 0.974003 0.970405
0.97066 0.974003 0.970405 0.96116 0.959753 0.960924
0.96116 0.959753 0.960924 0.958912 0.957326 0.960584
0.958912 0.957326 0.960584 0.960687 0.95743 0.95709
0.960687 0.95743 0.95709 0.95709 0.95658 0.953369
0.95709 0.95658 0.953369 0.953775 0.954474 0.947637
0.953775 0.954474 0.947637 0.940647 0.937534 0.934449
0.940647 0.937534 0.934449 0.940912 0.95029 0.948846
0.940912 0.95029 0.948846 0.946862 0.94928 0.954474
0.946862 0.94928 0.954474 0.95709 0.95709 0.959148
0.95709 0.95709 0.959148 0.959148 0.959148 0.950215
0.959148 0.959148 0.950215 0.940834 0.940834 0.983682
0.940834 0.940834 0.983682 0.981321 0.979744 0.983427
0.981321 0.979744 0.983427 0.988441 0.989905 0.983068
0.988441 0.989905 0.983068 0.976892 0.976892 0.974834
0.976892 0.976892 0.974834 0.971491 0.971141 0.974088
0.971491 0.971141 0.974088 0.973143 0.973389 0.979423
0.973143 0.973389 0.979423 0.982974 0.983682 0.983682
0.982974 0.983682 0.983682 0.983682 0.983786 0.987233
0.983682 0.983786 0.987233 0.987506 0.98406 0.983682
0.987506 0.98406 0.983682 0.983682 0.981793 0.975428
0.983682 0.981793 0.975428 0.973927 0.976892 0.974248
0.973927 0.976892 0.974248 0.972983 0.972558 0.967166
0.972983 0.972558 0.967166 0.963974 0.967269 0.964012
0.963974 0.967269 0.964012 0.962444 0.968629 0.970206
0.962444 0.968629 0.970206 0.970206 0.970206 0.970206
0.970206 0.970206 0.970206 0.970206 0.970206 0.96828
0.970206 0.970206 0.96828 0.958506 0.941289 0.931906
0.958506 0.941289 0.931906 0.928934 0.912752 0.896565
0.928934 0.912752 0.896565 0.895052 0.896517 0.871116
0.895052 0.896517 0.871116 0.85725 0.875256 0.878054
0.85725 0.875256 0.878054 0.874381 0.876379 0.881574
0.874381 0.876379 0.881574 0.887825 0.890879 0.890879
0.887825 0.890879 0.890879 0.890879 0.891894 0.894713
0.890879 0.891894 0.894713 0.896517 0.896517 0.896517
0.896517 0.896517 0.896517 0.899155 0.908021 0.917026
0.899155 0.908021 0.917026 0.922304 0.927162 0.930712
0.922304 0.927162 0.930712 0.933 0.939212 0.938268
0.933 0.939212 0.938268 0.936777 0.942841 0.944332
0.936777 0.942841 0.944332 0.944332 0.944332 0.944332
0.944332 0.944332 0.944332 0.944332 0.946107 0.949271
0.944332 0.946107 0.949271 0.950111 0.946947 0.944332
0.950111 0.946947 0.944332 0.946787 0.948109 0.946862
0.946787 0.948109 0.946862 0.949337 0.954474 0.95386
0.949337 0.954474 0.95386 0.953293 0.952472 0.94944
0.953293 0.952472 0.94944 0.953473 0.956684 0.9503
0.953473 0.956684 0.9503 0.94707 0.952396 0.954474
0.94707 0.952396 0.954474 0.953265 0.955201 0.960716
0.953265 0.955201 0.960716 0.960555 0.959753 0.962793
0.960555 0.959753 0.962793 0.961018 0.95589 0.958478
0.961018 0.95589 0.958478 0.963605 0.96082 0.959753
0.963605 0.96082 0.959753 0.962538 0.962567 0.959753
0.962538 0.962567 0.959753 0.960791 0.96048 0.957222
0.960791 0.96048 0.957222 0.959016 0.95827 0.948619
0.959016 0.95827 0.948619 0.936777 0.938119 0.932147
0.936777 0.938119 0.932147 0.920261 0.917318 0.903214
0.920261 0.917318 0.903214 0.90311 0.8976 0.880741
0.90311 0.8976 0.880741 0.87813 0.862155 0.867662
0.87813 0.862155 0.867662 0.88031 0.874922 0.88888
0.88031 0.874922 0.88888 0.896144 0.888652 0.883026
0.896144 0.888652 0.883026 0.877613 0.877705 0.87476
0.877613 0.877705 0.87476 0.872774 0.877826 0.879215
0.872774 0.877826 0.879215 0.868551 0.870405 0.884035
0.868551 0.870405 0.884035 0.883752 0.886319 0.885877
0.883752 0.886319 0.885877 0.87867 0.873717 0.867322
0.87867 0.873717 0.867322 0.861079 0.862107 0.867373
0.861079 0.862107 0.867373 0.869891 0.880823 0.884214
0.869891 0.880823 0.884214 0.880188 0.88753 0.894375
0.880188 0.88753 0.894375 0.875433 0.862417 0.875148
0.875433 0.862417 0.875148 0.879423 0.874026 0.871077
0.879423 0.874026 0.871077 0.873759 0.873443 0.868111
0.873759 0.873443 0.868111 0.863718 0.866661 0.872688
0.863718 0.866661 0.872688 0.877792 0.879812 0.885492
0.877792 0.879812 0.885492 0.893845 0.896517 0.896517
0.893845 0.896517 0.896517 0.90162 0.911141 0.918907
0.90162 0.911141 0.918907 0.924596 0.929422 0.928958
0.924596 0.929422 0.928958 0.930475 0.934854 0.933338
0.930475 0.934854 0.933338 0.932227 0.935313 0.940879
0.932227 0.935313 0.940879 0.94183 0.940554 0.943643
0.94183 0.940554 0.943643 0.948109 0.947193 0.947174
0.948109 0.947193 0.947174 0.950338 0.950668 0.951697
0.950338 0.950668 0.951697 0.954908 0.95709 0.95709
0.954908 0.95709 0.95709 0.959592 0.96285 0.962246
0.959592 0.96285 0.962246 0.959753 0.960924 0.960168
0.959753 0.960924 0.960168 0.962812 0.969366 0.968431
0.962812 0.969366 0.968431 0.966325 0.968091 0.970206
0.966325 0.968091 0.970206 0.970206 0.964597 0.960225
0.970206 0.964597 0.960225 0.964172 0.964295 0.953435
0.964172 0.964295 0.953435 0.947911 0.947703 0.94453
0.947911 0.947703 0.94453 0.944332 0.943281 0.940554
0.944332 0.943281 0.940554 0.941605 0.944332 0.944332
0.941605 0.944332 0.944332 0.946003 0.949176 0.950668
0.946003 0.949176 0.950668 0.950668 0.950668 0.953114
0.950668 0.950668 0.953114 0.954474 0.952028 0.950668
0.954474 0.952028 0.950668 0.950668 0.950668 0.971764
0.950668 0.950668 0.971764 0.971764 0.91056 0.942696
0.971764 0.91056 0.942696 0.925245 0.963917 0.952585
0.925245 0.963917 0.952585 0.952585 0.952585 0.894963
0.952585 0.952585 0.894963 0.886396 0.866009 0.86438
0.886396 0.866009 0.86438 0.854924 0.850818 0.84804
0.854924 0.850818 0.84804 0.840466 0.838164 0.843143
0.840466 0.838164 0.843143 0.849838 0.853281 0.856767
0.849838 0.853281 0.856767 0.861122 0.865562 0.868211
0.861122 0.865562 0.868211 0.869016 0.869016 0.87112
0.869016 0.869016 0.87112 0.861398 0.838226 0.840095
0.861398 0.838226 0.840095 0.843531 0.828085 0.818306
0.843531 0.828085 0.818306 0.816488 0.826583 0.8273
0.816488 0.826583 0.8273 0.792947 0.79525 0.821663
0.792947 0.79525 0.821663 0.807698 0.810221 0.823545
0.807698 0.810221 0.823545 0.823545 0.823545 0.823545
0.823545 0.823545 0.823545 0.830153 0.842482 0.848202
0.830153 0.842482 0.848202 0.852644 0.859208 0.866329
0.852644 0.859208 0.866329 0.883923 0.893788 0.892932
0.883923 0.893788 0.892932 0.896894 0.901631 0.909073
0.896894 0.901631 0.909073 0.913869 0.911831 0.911544
0.913869 0.911831 0.911544 0.917856 0.927162 0.928861
0.917856 0.927162 0.928861 0.930573 0.94028 0.947948
0.930573 0.94028 0.947948 0.950083 0.946919 0.947448
0.950083 0.946919 0.947448 0.953161 0.958402 0.958166
0.953161 0.958402 0.958166 0.950536 0.948232 0.950668
0.950536 0.948232 0.950668 0.953397 0.956608 0.95709
0.953397 0.956608 0.95709 0.95709 0.956731 0.95352
0.95709 0.956731 0.95352 0.959658 0.969423 0.972161
0.959658 0.969423 0.972161 0.971302 0.965173 0.96964
0.971302 0.965173 0.96964 0.980556 0.980528 0.974569
0.980556 0.980528 0.974569 0.970981 0.971651 0.97592
0.970981 0.971651 0.97592 0.981623 0.987535 0.98389
0.981623 0.987535 0.98389 0.979829 0.980802 0.978035
0.979829 0.980802 0.978035 0.978063 0.982114 0.98778
0.978063 0.982114 0.98778 0.990557 0.98745 0.981463
0.990557 0.98745 0.981463 0.977733 0.976892 0.974201
0.977733 0.976892 0.974201 0.964588 0.960631 0.960631
0.964588 0.960631 0.960631 0.962151 0.968422 0.970206
0.962151 0.968422 0.970206 0.970206 0.970206 0.970206
0.970206 0.970206 0.970206 0.967269 0.966325 0.969253
0.967269 0.966325 0.969253 0.970206 0.968837 0.962283
0.970206 0.968837 0.962283 0.95709 0.954398 0.951187
0.95709 0.954398 0.951187 0.952132 0.952755 0.945002
0.952132 0.952755 0.945002 0.938077 0.938077 0.938077
0.938077 0.938077 0.938077 0.938077 0.938077 0.937931
0.938077 0.938077 0.937931 0.931799 0.925815 0.917378
0.931799 0.925815 0.917378 0.902728 0.896117 0.887763
0.902728 0.896117 0.887763 0.877749 0.876293 0.87648
0.877749 0.876293 0.87648 0.86727 0.858483 0.858483
0.86727 0.858483 0.858483 0.859049 0.861666 0.859014
0.859049 0.861666 0.859014 0.853811 0.853953 0.856539
0.853811 0.853953 0.856539 0.849055 0.837476 0.834812
0.849055 0.837476 0.834812 0.836231 0.836034 0.833569
0.836231 0.836034 0.833569 0.831854 0.822278 0.825011
0.831854 0.822278 0.825011 0.835548 0.829426 0.826031
0.835548 0.829426 0.826031 0.820548 0.809371 0.807716
0.820548 0.809371 0.807716 0.823862 0.842017 0.84697
0.823862 0.842017 0.84697 0.848202 0.850348 0.855567
0.848202 0.850348 0.855567 0.860655 0.860577 0.860787
0.860655 0.860577 0.860787 0.867975 0.876336 0.879812
0.867975 0.876336 0.879812 0.882539 0.895456 0.908374
0.882539 0.895456 0.908374 0.910214 0.911596 0.919747
0.910214 0.911596 0.919747 0.928034 0.931175 0.931906
0.928034 0.931175 0.931906 0.932252 0.935338 0.938077
0.932252 0.935338 0.938077 0.938077 0.939603 0.943643
0.938077 0.939603 0.943643 0.948723 0.95419 0.95709
0.948723 0.95419 0.95709 0.954757 0.951546 0.951773
0.954757 0.951546 0.951773 0.954984 0.95709 0.960272
0.954984 0.95709 0.960272 0.966165 0.971661 0.975665
0.966165 0.971661 0.975665 0.975853 0.972983 0.974031
0.975853 0.972983 0.974031 0.976892 0.979687 0.980802
0.976892 0.979687 0.980802 0.978007 0.978092 0.981482
0.978007 0.978092 0.981482 0.983351 0.976618 0.979159
0.983351 0.976618 0.979159 0.986808 0.982605 0.981198
0.986808 0.982605 0.981198 0.986619 0.989631 0.982794
0.986619 0.989631 0.982794 0.980207 0.98643 0.98761
0.980207 0.98643 0.98761 0.984777 0.982407 0.981236
0.984777 0.982407 0.981236 0.988885 0.990056 0.986874
0.988885 0.990056 0.986874 0.98761 0.98016 0.974239
0.98761 0.98016 0.974239 0.973077 0.969083 0.971103
0.973077 0.969083 0.971103 0.973653 0.972983 0.971972
0.973653 0.972983 0.971972 0.965995 0.961745 0.955579
0.965995 0.961745 0.955579 0.95419 0.954162 0.953265
0.95419 0.954162 0.953265 0.956192 0.955966 0.951254
0.956192 0.955966 0.951254 0.939787 0.929032 0.925986
0.939787 0.929032 0.925986 0.922853 0.91688 0.913776
0.922853 0.91688 0.913776 0.907955 0.904425 0.901506
0.907955 0.904425 0.901506 0.89215 0.892214 0.888432
0.89215 0.892214 0.888432 0.889667 0.90225 0.904379
0.889667 0.90225 0.904379 0.905628 0.882631 0.855281
0.905628 0.882631 0.855281 0.846099 0.819584 0.802227
0.846099 0.819584 0.802227 0.801479 0.795098 0.793597
0.801479 0.795098 0.793597 0.795785 0.796163 0.798411
0.795785 0.796163 0.798411 0.801991 0.804265 0.804828
0.801991 0.804265 0.804828 0.813588 0.824295 0.828722
0.813588 0.824295 0.828722 0.837177 0.845294 0.85179
0.837177 0.845294 0.85179 0.859932 0.863718 0.863718
0.859932 0.863718 0.863718 0.865244 0.867173 0.865647
0.865244 0.867173 0.865647 0.861205 0.860263 0.862775
0.861205 0.860263 0.862775 0.863321 0.838501 0.814079
0.863321 0.838501 0.814079 0.817451 0.831988 0.820148
0.817451 0.831988 0.820148 0.80955 0.837201 0.833261
0.80955 0.837201 0.833261 0.826773 0.843834 0.848386
0.826773 0.843834 0.848386 0.850941 0.853311 0.853311
0.850941 0.853311 0.853311 0.859969 0.859969 0.859969
0.859969 0.859969 0.859969 0.859969 0.88885 0.88885
0.859969 0.88885 0.88885 0.88885 0.898665 0.902954
0.88885 0.898665 0.902954 0.906554 0.908011 0.919958
0.906554 0.908011 0.919958 0.929519 0.928179 0.932703
0.929519 0.928179 0.932703 0.940256 0.944332 0.944332
0.940256 0.944332 0.944332 0.944332 0.942631 0.939503
0.944332 0.942631 0.939503 0.937683 0.934597 0.931906
0.937683 0.934597 0.931906 0.934054 0.934054 0.934054
0.934054 0.934054 0.934054 0.885331 0.871933 0.871933
0.885331 0.871933 0.871933 0.871933 0.871933 0.964748
0.871933 0.871933 0.964748 0.962444 0.964748 0.970206
0.962444 0.964748 0.970206 0.967458 0.964163 0.965192
0.967458 0.964163 0.965192 0.967458 0.966778 0.971151
0.967458 0.966778 0.971151 0.980207 0.975325 0.969678
0.980207 0.975325 0.969678 0.976212 0.980802 0.979744
0.976212 0.980802 0.979744 0.980887 0.983682 0.980717
0.980887 0.983682 0.980717 0.979744 0.9827 0.982294
0.979744 0.9827 0.982294 0.979744 0.981132 0.983682
0.979744 0.981132 0.983682 0.983682 0.983682 0.983682
0.983682 0.983682 0.983682 0.98202 0.979744 0.981397
0.98202 0.979744 0.981397 0.983682 0.983682 0.983682
0.983682 0.983682 0.983682 0.983682 0.981756 0.976996
0.983682 0.981756 0.976996 0.972983 0.974088 0.973285
0.972983 0.974088 0.973285 0.970206 0.970206 0.970206
0.970206 0.970206 0.970206 0.970206 0.971821 0.978554
0.970206 0.971821 0.978554 0.983682 0.9805 0.979744
0.983682 0.9805 0.979744 0.978715 0.974267 0.974088
0.978715 0.974267 0.974088 0.972558 0.970206 0.960829
0.972558 0.970206 0.960829 0.941517 0.928698 0.922967
0.941517 0.928698 0.922967 0.913856 0.904911 0.904588
0.913856 0.904911 0.904588 0.905837 0.900838 0.89122
0.905837 0.900838 0.89122 0.888184 0.895191 0.899427
0.888184 0.895191 0.899427 0.898618 0.900058 0.899418
0.898618 0.900058 0.899418 0.896563 0.89782 0.900674
0.896563 0.89782 0.900674 0.902228 0.902228 0.892648
0.902228 0.902228 0.892648 0.877674 0.870883 0.871935
0.877674 0.870883 0.871935 0.872256 0.846401 0.846401
0.872256 0.846401 0.846401 0.814629 0.827206 0.796291
0.814629 0.827206 0.796291 0.812358 0.799905 0.7738
0.812358 0.799905 0.7738 0.799905 0.79431 0.786573
0.799905 0.79431 0.786573 0.814752 0.808767 0.808571
0.814752 0.808767 0.808571 0.830102 0.831459 0.833342
0.830102 0.831459 0.833342 0.838164 0.83973 0.844749
0.838164 0.83973 0.844749 0.850696 0.848342 0.844612
