-0.28169 -0.260563 -0.302817 -0.330986 -0.507042 -0.380282
-0.260563 -0.302817 -0.330986 -0.507042 -0.380282 -0.330986
-0.302817 -0.330986 -0.507042 -0.380282 -0.330986 -0.380282
-0.330986 -0.507042 -0.380282 -0.330986 -0.380282 -0.274648
-0.507042 -0.380282 -0.330986 -0.380282 -0.274648 -0.133803
-0.380282 -0.330986 -0.380282 -0.274648 -0.133803 -0.28169
-0.330986 -0.380282 -0.274648 -0.133803 -0.28169 -0.309859
-0.380282 -0.274648 -0.133803 -0.28169 -0.309859 -0.309859
-0.274648 -0.133803 -0.28169 -0.309859 -0.309859 -0.34507
-0.133803 -0.28169 -0.309859 -0.309859 -0.34507 -0.267606
-0.28169 -0.309859 -0.309859 -0.34507 -0.267606 -0.288732
-0.309859 -0.309859 -0.34507 -0.267606 -0.288732 -0.190141
-0.309859 -0.34507 -0.267606 -0.288732 -0.190141 -0.126761
-0.34507 -0.267606 -0.288732 -0.190141 -0.126761 -0.267606
-0.267606 -0.288732 -0.190141 -0.126761 -0.267606 -0.15493
-0.288732 -0.190141 -0.126761 -0.267606 -0.15493 -0.0211268
-0.190141 -0.126761 -0.267606 -0.15493 -0.0211268 -0.0633803
-0.126761 -0.267606 -0.15493 -0.0211268 -0.0633803 -0.197183
-0.267606 -0.15493 -0.0211268 -0.0633803 -0.197183 -0.253521
-0.15493 -0.0211268 -0.0633803 -0.197183 -0.253521 -0.34507
-0.0211268 -0.0633803 -0.197183 -0.253521 -0.34507 -0.176056
-0.0633803 -0.197183 -0.253521 -0.34507 -0.176056 -0.119718
-0.197183 -0.253521 -0.34507 -0.176056 -0.119718 -0.316901
-0.253521 -0.34507 -0.176056 -0.119718 -0.316901 -0.225352
-0.34507 -0.176056 -0.119718 -0.316901 -0.225352 -0.232394
-0.176056 -0.119718 -0.316901 -0.225352 -0.232394 -0.225352
-0.119718 -0.316901 -0.225352 -0.232394 -0.225352 -0.204225
-0.316901 -0.225352 -0.232394 -0.225352 -0.204225 -0.225352
-0.225352 -0.232394 -0.225352 -0.204225 -0.225352 -0.176056
-0.232394 -0.225352 -0.204225 -0.225352 -0.176056 -0.0352113
-0.225352 -0.204225 -0.225352 -0.176056 -0.0352113 -0.00704225
-0.204225 -0.225352 -0.176056 -0.0352113 -0.00704225 -0.183099
-0.225352 -0.176056 -0.0352113 -0.00704225 -0.183099 -0.338028
-0.176056 -0.0352113 -0.00704225 -0.183099 -0.338028 -0.260563
-0.0352113 -0.00704225 -0.183099 -0.338028 -0.260563 -0.140845
-0.00704225 -0.183099 -0.338028 -0.260563 -0.140845 -0.105634
-0.183099 -0.338028 -0.260563 -0.140845 -0.105634 -0.056338
-0.338028 -0.260563 -0.140845 -0.105634 -0.056338 -0.0985915
-0.260563 -0.140845 -0.105634 -0.056338 -0.0985915 -0.0915493
-0.140845 -0.105634 -0.056338 -0.0985915 -0.0915493 -0.084507
-0.105634 -0.056338 -0.0985915 -0.0915493 -0.084507 -0.0704225
-0.056338 -0.0985915 -0.0915493 -0.084507 -0.0704225 0.0915493
-0.0985915 -0.0915493 -0.084507 -0.0704225 0.0915493 -0.00704225
-0.0915493 -0.084507 -0.0704225 0.0915493 -0.00704225 0.0422535
-0.084507 -0.0704225 0.0915493 -0.00704225 0.0422535 -0.119718
-0.0704225 0.0915493 -0.00704225 0.0422535 -0.119718 -0.00704225
0.0915493 -0.00704225 0.0422535 -0.119718 -0.00704225 0.0633803
-0.00704225 0.0422535 -0.119718 -0.00704225 0.0633803 0.0352113
0.0422535 -0.119718 -0.00704225 0.0633803 0.0352113 -0.112676
-0.119718 -0.00704225 0.0633803 0.0352113 -0.112676 0.0352113
-0.00704225 0.0633803 0.0352113 -0.112676 0.0352113 -0.0140845
0.0633803 0.0352113 -0.112676 0.0352113 -0.0140845 0.028169
0.0352113 -0.112676 0.0352113 -0.0140845 0.028169 0.119718
-0.112676 0.0352113 -0.0140845 0.028169 0.119718 0.133803
0.0352113 -0.0140845 0.028169 0.119718 0.133803 0.0352113
-0.0140845 0.028169 0.119718 0.133803 0.0352113 0.105634
0.028169 0.119718 0.133803 0.0352113 0.105634 0.0915493
0.119718 0.133803 0.0352113 0.105634 0.0915493 0.0633803
