0.0459713 0.0410282 0.0400395 0.0390509 0.0370737 0.036085
0.0390509 0.0370737 0.036085 0.0365793 0.0385566 0.0385566
0.0365793 0.0385566 0.0385566 0.0380623 0.0415225 0.0504202
0.0380623 0.0415225 0.0504202 0.0603065 0.0657439 0.0677212
0.0603065 0.0657439 0.0677212 0.0726644 0.0879881 0.107761
0.0726644 0.0879881 0.107761 0.120119 0.135937 0.157687
0.120119 0.135937 0.157687 0.187346 0.21997 0.249135
0.187346 0.21997 0.249135 0.272368 0.297578 0.331686
0.272368 0.297578 0.331686 0.364805 0.397924 0.428571
0.364805 0.397924 0.428571 0.461196 0.491844 0.513594
0.461196 0.491844 0.513594 0.522491 0.529906 0.543253
0.522491 0.529906 0.543253 0.5739 0.62086 0.655462
0.5739 0.62086 0.655462 0.676718 0.683144 0.68265
0.676718 0.683144 0.68265 0.68957 0.705882 0.720712
0.68957 0.705882 0.720712 0.726149 0.723678 0.71824
0.726149 0.723678 0.71824 0.699456 0.67474 0.647059
0.699456 0.67474 0.647059 0.629758 0.628769 0.631735
0.629758 0.628769 0.631735 0.623826 0.599605 0.576866
0.623826 0.599605 0.576866 0.561048 0.549679 0.536332
0.561048 0.549679 0.536332 0.52002 0.50173 0.497281
0.52002 0.50173 0.497281 0.487889 0.461691 0.431043
0.487889 0.461691 0.431043 0.405339 0.392486 0.398418
0.405339 0.392486 0.398418 0.421651 0.433515 0.432032
0.421651 0.433515 0.432032 0.426594 0.418685 0.410282
0.426594 0.418685 0.410282 0.405339 0.40435 0.408304
0.405339 0.40435 0.408304 0.410282 0.403856 0.383589
0.410282 0.403856 0.383589 0.356401 0.337123 0.326742
0.356401 0.337123 0.326742 0.321799 0.307958 0.284231
0.321799 0.307958 0.284231 0.264459 0.251112 0.245675
0.264459 0.251112 0.245675 0.246663 0.242215 0.232328
0.246663 0.242215 0.232328 0.220465 0.207612 0.19476
0.220465 0.207612 0.19476 0.184874 0.180919 0.178448
0.184874 0.180919 0.178448 0.174988 0.171033 0.15917
0.174988 0.171033 0.15917 0.143351 0.132477 0.12605
0.143351 0.132477 0.12605 0.119624 0.117647 0.124073
0.119624 0.117647 0.124073 0.124073 0.118141 0.112704
0.124073 0.118141 0.112704 0.106278 0.0998517 0.0954029
0.106278 0.0998517 0.0954029 0.0929313 0.0899654 0.0865052
0.0929313 0.0899654 0.0865052 0.0805734 0.0706871 0.0593178
0.0805734 0.0706871 0.0593178 0.0538804 0.0523974 0.0538804
0.0538804 0.0523974 0.0538804 0.0573406 0.0608008 0.0608008
0.0573406 0.0608008 0.0608008 0.0578349 0.0588235 0.0632724
0.0578349 0.0588235 0.0632724 0.0667326 0.0706871 0.07217
0.0667326 0.0706871 0.07217 0.07217 0.0776075 0.0865052
0.07217 0.0776075 0.0865052 0.0988631 0.11221 0.127039
0.0988631 0.11221 0.127039 0.140386 0.1478 0.151755
0.140386 0.1478 0.151755 0.158181 0.166584 0.176471
0.158181 0.166584 0.176471 0.190311 0.200692 0.205141
0.190311 0.200692 0.205141 0.210578 0.217499 0.222442
0.210578 0.217499 0.222442 0.231834 0.242215 0.250124
0.231834 0.242215 0.250124 0.270885 0.289669 0.297084
0.270885 0.289669 0.297084 0.303015 0.308947 0.312407
0.303015 0.308947 0.312407 0.315868 0.315373 0.313396
0.315868 0.315373 0.313396 0.320811 0.326248 0.345032
0.320811 0.326248 0.345032 0.373702 0.410282 0.452299
0.373702 0.410282 0.452299 0.477509 0.506673 0.540287
0.477509 0.506673 0.540287 0.558576 0.576372 0.594661
0.558576 0.576372 0.594661 0.608997 0.636184 0.652002
0.608997 0.636184 0.652002 0.638161 0.615917 0.601087
0.638161 0.615917 0.601087 0.606031 0.615917 0.619871
0.606031 0.615917 0.619871 0.621354 0.617894 0.612457
0.621354 0.617894 0.612457 0.598122 0.575383 0.549679
0.598122 0.575383 0.549679 0.534849 0.521008 0.50519
0.534849 0.521008 0.50519 0.488878 0.459713 0.434998
0.488878 0.459713 0.434998 0.423628 0.408799 0.392486
0.423628 0.408799 0.392486 0.386555 0.376174 0.366782
0.386555 0.376174 0.366782 0.36431 0.362333 0.353435
0.36431 0.362333 0.353435 0.336629 0.32872 0.331686
0.336629 0.32872 0.331686 0.331191 0.330203 0.332674
0.331191 0.330203 0.332674 0.331686 0.329708 0.328225
0.331686 0.329708 0.328225 0.323282 0.317845 0.315373
0.323282 0.317845 0.315373 0.316856 0.31735 0.307958
0.316856 0.31735 0.307958 0.299061 0.300544 0.300544
0.299061 0.300544 0.300544 0.295601 0.293623 0.291152
0.295601 0.293623 0.291152 0.281265 0.275828 0.277805
0.281265 0.275828 0.277805 0.272862 0.261987 0.251607
0.272862 0.261987 0.251607 0.24172 0.233317 0.225408
0.24172 0.233317 0.225408 0.21997 0.219476 0.222442
0.21997 0.219476 0.222442 0.223431 0.217499 0.207118
0.223431 0.217499 0.207118 0.197232 0.18784 0.177459
0.197232 0.18784 0.177459 0.16955 0.161641 0.155215
0.16955 0.161641 0.155215 0.148789 0.139397 0.126545
0.148789 0.139397 0.126545 0.117153 0.108749 0.102818
0.117153 0.108749 0.102818 0.102323 0.101335 0.0988631
0.102323 0.101335 0.0988631 0.0963915 0.090954 0.0835393
0.0963915 0.090954 0.0835393 0.0771132 0.0701928 0.0637667
0.0771132 0.0701928 0.0637667 0.056352 0.0514088 0.045477
0.056352 0.0514088 0.045477 0.0370737 0.0306476 0.026693
0.0370737 0.0306476 0.026693 0.0222442 0.018784 0.017301
0.0222442 0.018784 0.017301 0.0158181 0.0163124 0.0177954
0.0158181 0.0163124 0.0177954 0.0192783 0.0192783 0.018784
0.0192783 0.0192783 0.018784 0.0202669 0.0242215 0.0271873
0.0202669 0.0242215 0.0271873 0.0286703 0.0306476 0.037568
0.0286703 0.0306476 0.037568 0.045477 0.0514088 0.0573406
0.045477 0.0514088 0.0573406 0.0677212 0.0825507 0.0949086
0.0677212 0.0825507 0.0949086 0.106278 0.117647 0.128522
0.106278 0.117647 0.128522 0.144834 0.161147 0.16955
0.144834 0.161147 0.16955 0.177954 0.190806 0.20613
0.177954 0.190806 0.20613 0.221453 0.239743 0.254572
0.221453 0.239743 0.254572 0.264953 0.280277 0.300049
0.264953 0.280277 0.300049 0.317845 0.334157 0.354424
0.317845 0.334157 0.354424 0.373208 0.390015 0.408304
0.373208 0.390015 0.408304 0.424617 0.434503 0.448838
0.424617 0.434503 0.448838 0.460702 0.463668 0.463668
0.460702 0.463668 0.463668 0.465151 0.464162 0.464656
0.465151 0.464162 0.464656 0.472071 0.480969 0.484429
0.472071 0.480969 0.484429 0.47998 0.472071 0.467128
0.47998 0.472071 0.467128 0.470588 0.4696 0.463174
0.470588 0.4696 0.463174 0.461196 0.467128 0.462679
0.461196 0.467128 0.462679 0.44785 0.435986 0.424123
0.44785 0.435986 0.424123 0.417696 0.410776 0.396935
0.417696 0.410776 0.396935 0.384577 0.381611 0.37914
0.384577 0.381611 0.37914 0.364805 0.343549 0.33564
0.364805 0.343549 0.33564 0.336629 0.334652 0.329708
0.336629 0.334652 0.329708 0.322788 0.314879 0.308947
0.322788 0.314879 0.308947 0.300544 0.289174 0.284231
0.300544 0.289174 0.284231 0.287692 0.289669 0.284726
0.287692 0.289669 0.284726 0.273356 0.256055 0.244686
0.273356 0.256055 0.244686 0.232823 0.222936 0.21997
0.232823 0.222936 0.21997 0.217499 0.219476 0.219476
0.217499 0.219476 0.219476 0.217499 0.21651 0.212556
0.217499 0.21651 0.212556 0.213544 0.221453 0.227385
0.213544 0.221453 0.227385 0.230351 0.230351 0.233317
0.230351 0.230351 0.233317 0.2348 0.230351 0.226891
0.2348 0.230351 0.226891 0.219476 0.212556 0.210084
0.219476 0.212556 0.210084 0.204152 0.193277 0.183885
0.204152 0.193277 0.183885 0.178942 0.173999 0.164113
0.178942 0.173999 0.164113 0.153732 0.147306 0.143351
0.153732 0.147306 0.143351 0.140386 0.134454 0.128028
0.140386 0.134454 0.128028 0.119624 0.112704 0.103806
0.119624 0.112704 0.103806 0.0958972 0.092437 0.0884825
0.0958972 0.092437 0.0884825 0.083045 0.0741473 0.0598122
0.083045 0.0741473 0.0598122 0.0489372 0.0430054 0.0385566
0.0489372 0.0430054 0.0385566 0.0331191 0.0291646 0.026693
0.0331191 0.0291646 0.026693 0.0257044 0.0261987 0.0261987
0.0257044 0.0261987 0.0261987 0.0311419 0.0390509 0.045477
0.0311419 0.0390509 0.045477 0.0519031 0.0622837 0.073653
0.0519031 0.0622837 0.073653 0.0845279 0.0954029 0.106772
0.0845279 0.0954029 0.106772 0.120613 0.137914 0.158181
0.120613 0.137914 0.158181 0.176965 0.195255 0.213544
0.176965 0.195255 0.213544 0.227879 0.234305 0.251112
0.227879 0.234305 0.251112 0.283243 0.304993 0.320811
0.283243 0.304993 0.320811 0.337123 0.343055 0.346515
0.337123 0.343055 0.346515 0.358379 0.369254 0.383589
0.358379 0.369254 0.383589 0.416708 0.462679 0.502224
0.416708 0.462679 0.502224 0.522491 0.543253 0.5739
0.522491 0.543253 0.5739 0.600593 0.629758 0.661888
0.600593 0.629758 0.661888 0.681661 0.689076 0.693524
0.681661 0.689076 0.693524 0.692536 0.690064 0.684627
0.692536 0.690064 0.684627 0.669303 0.653979 0.63915
0.669303 0.653979 0.63915 0.618389 0.595156 0.574889
0.618389 0.595156 0.574889 0.558082 0.548196 0.54523
0.558082 0.548196 0.54523 0.532872 0.509145 0.488878
0.532872 0.509145 0.488878 0.484923 0.488878 0.485912
0.484923 0.488878 0.485912 0.489372 0.499259 0.503707
0.489372 0.499259 0.503707 0.503707 0.503707 0.502224
0.503707 0.503707 0.502224 0.50173 0.49827 0.480969
0.50173 0.49827 0.480969 0.455264 0.434009 0.420662
0.455264 0.434009 0.420662 0.401878 0.376668 0.353435
0.401878 0.376668 0.353435 0.334652 0.322294 0.307958
0.334652 0.322294 0.307958 0.288186 0.268413 0.259021
0.288186 0.268413 0.259021 0.257044 0.255561 0.254572
0.257044 0.255561 0.254572 0.249135 0.242215 0.234305
0.249135 0.242215 0.234305 0.224913 0.211073 0.192783
0.224913 0.211073 0.192783 0.181414 0.178448 0.171033
0.181414 0.178448 0.171033 0.161147 0.146812 0.125556
0.161147 0.146812 0.125556 0.110727 0.101335 0.0944142
0.110727 0.101335 0.0944142 0.0879881 0.0840336 0.0825507
0.0879881 0.0840336 0.0825507 0.0805734 0.0746416 0.0677212
0.0805734 0.0746416 0.0677212 0.0617894 0.0578349 0.0568463
0.0617894 0.0578349 0.0568463 0.0573406 0.0593178 0.0578349
0.0573406 0.0593178 0.0578349 0.0558576 0.0578349 0.0583292
0.0558576 0.0578349 0.0583292 0.0533861 0.0523974 0.0583292
0.0533861 0.0523974 0.0583292 0.0647553 0.0652496 0.0627781
0.0647553 0.0652496 0.0627781 0.0637667 0.0637667 0.0627781
0.0637667 0.0637667 0.0627781 0.0627781 0.0568463 0.0523974
0.0627781 0.0568463 0.0523974 0.0509145 0.04696 0.0405339
0.0509145 0.04696 0.0405339 0.0355907 0.0326248 0.0301532
0.0355907 0.0326248 0.0301532 0.026693 0.0232328 0.0197726
0.026693 0.0232328 0.0197726 0.017301 0.0163124 0.0148295
0.017301 0.0163124 0.0148295 0.0118636 0.0113693 0.0123579
0.0118636 0.0113693 0.0123579 0.0108749 0.0123579 0.0158181
0.0108749 0.0123579 0.0158181 0.0182897 0.0207612 0.0252101
0.0182897 0.0207612 0.0252101 0.028176 0.0346021 0.0444884
0.028176 0.0346021 0.0444884 0.0538804 0.0608008 0.0677212
0.0538804 0.0608008 0.0677212 0.0781018 0.0874938 0.0978744
0.0781018 0.0874938 0.0978744 0.118141 0.136431 0.146317
0.118141 0.136431 0.146317 0.154721 0.162135 0.170044
0.154721 0.162135 0.170044 0.181908 0.195255 0.205635
0.181908 0.195255 0.205635 0.215522 0.232328 0.245675
0.215522 0.232328 0.245675 0.24518 0.246663 0.256055
0.24518 0.246663 0.256055 0.264953 0.270391 0.275334
0.264953 0.270391 0.275334 0.28176 0.294118 0.307464
0.28176 0.294118 0.307464 0.308453 0.299061 0.28868
0.308453 0.299061 0.28868 0.285714 0.285714 0.290657
0.285714 0.285714 0.290657 0.295601 0.298072 0.296589
0.295601 0.298072 0.296589 0.286703 0.279288 0.269402
0.286703 0.279288 0.269402 0.269402 0.282748 0.291152
0.269402 0.282748 0.291152 0.291152 0.295601 0.300544
0.291152 0.295601 0.300544 0.307464 0.320811 0.33564
0.307464 0.320811 0.33564 0.352941 0.36085 0.366782
0.352941 0.36085 0.366782 0.368759 0.357884 0.354424
0.368759 0.357884 0.354424 0.358379 0.352941 0.33564
0.358379 0.352941 0.33564 0.319822 0.304004 0.290657
0.319822 0.304004 0.290657 0.279783 0.267919 0.264953
0.279783 0.267919 0.264953 0.272862 0.282254 0.283737
0.272862 0.282254 0.283737 0.277805 0.271379 0.268413
0.277805 0.271379 0.268413 0.261987 0.254078 0.242215
0.261987 0.254078 0.242215 0.234305 0.233317 0.222442
0.234305 0.233317 0.222442 0.202175 0.182897 0.168562
0.202175 0.182897 0.168562 0.158181 0.148295 0.135442
0.158181 0.148295 0.135442 0.127533 0.121602 0.115175
0.127533 0.121602 0.115175 0.101335 0.083045 0.0731587
0.101335 0.083045 0.0731587 0.0687098 0.0647553 0.064261
0.0687098 0.0647553 0.064261 0.0622837 0.0588235 0.0598122
0.0622837 0.0588235 0.0598122 0.0627781 0.0652496 0.064261
0.0627781 0.0652496 0.064261 0.0637667 0.064261 0.0612951
0.0637667 0.064261 0.0612951 0.056352 0.0504202 0.0425111
0.056352 0.0504202 0.0425111 0.0390509 0.0385566 0.0385566
0.0390509 0.0385566 0.0385566 0.036085 0.0311419 0.0286703
0.036085 0.0311419 0.0286703 0.0286703 0.0286703 0.0271873
0.0286703 0.0286703 0.0271873 0.0261987 0.0271873 0.0321305
0.0261987 0.0271873 0.0321305 0.0355907 0.0350964 0.0331191
0.0355907 0.0350964 0.0331191 0.0306476 0.0316362 0.0311419
0.0306476 0.0316362 0.0311419 0.0291646 0.028176 0.028176
0.0291646 0.028176 0.028176 0.0276817 0.026693 0.0247158
0.0276817 0.026693 0.0247158 0.0247158 0.0286703 0.0326248
0.0247158 0.0286703 0.0326248 0.0346021 0.0365793 0.0425111
0.0346021 0.0365793 0.0425111 0.0484429 0.0533861 0.0647553
0.0484429 0.0533861 0.0647553 0.081562 0.101335 0.11567
0.081562 0.101335 0.11567 0.128522 0.14434 0.15917
0.128522 0.14434 0.15917 0.171033 0.187346 0.210084
0.171033 0.187346 0.210084 0.229362 0.247158 0.265447
0.229362 0.247158 0.265447 0.279288 0.28868 0.306476
0.279288 0.28868 0.306476 0.322294 0.327731 0.336629
0.322294 0.327731 0.336629 0.350964 0.361839 0.362333
0.350964 0.361839 0.362333 0.365299 0.372219 0.377163
0.365299 0.372219 0.377163 0.381117 0.38606 0.394464
0.381117 0.38606 0.394464 0.403361 0.408304 0.412259
0.403361 0.408304 0.412259 0.417696 0.422145 0.426594
0.417696 0.422145 0.426594 0.4261 0.421651 0.424123
0.4261 0.421651 0.424123 0.429066 0.434503 0.4261
0.429066 0.434503 0.4261 0.41127 0.408304 0.403361
0.41127 0.408304 0.403361 0.392486 0.381611 0.373702
0.392486 0.381611 0.373702 0.372219 0.372714 0.364805
0.372219 0.372714 0.364805 0.352447 0.334652 0.322294
0.352447 0.334652 0.322294 0.320316 0.31735 0.31389
0.320316 0.31735 0.31389 0.31389 0.308947 0.300049
0.31389 0.308947 0.300049 0.296095 0.287692 0.272368
0.296095 0.287692 0.272368 0.259516 0.254572 0.24518
0.259516 0.254572 0.24518 0.237271 0.230351 0.21997
0.237271 0.230351 0.21997 0.212556 0.209095 0.205635
0.212556 0.209095 0.205635 0.195255 0.18784 0.183391
0.195255 0.18784 0.183391 0.174493 0.163124 0.158181
0.174493 0.163124 0.158181 0.154226 0.148789 0.139891
0.154226 0.148789 0.139891 0.131488 0.127533 0.127039
0.131488 0.127533 0.127039 0.130005 0.128522 0.126545
0.130005 0.128522 0.126545 0.130005 0.128522 0.126545
0.130005 0.128522 0.126545 0.125556 0.127039 0.135937
0.125556 0.127039 0.135937 0.136431 0.130005 0.122096
0.136431 0.130005 0.122096 0.11221 0.108255 0.104301
0.11221 0.108255 0.104301 0.100346 0.10084 0.0958972
0.100346 0.10084 0.0958972 0.0845279 0.0746416 0.0652496
0.0845279 0.0746416 0.0652496 0.0603065 0.0578349 0.056352
0.0603065 0.0578349 0.056352 0.0553633 0.0538804 0.0558576
0.0553633 0.0538804 0.0558576 0.0558576 0.0528917 0.0519031
0.0558576 0.0528917 0.0519031 0.0523974 0.0523974 0.0514088
0.0523974 0.0523974 0.0514088 0.0489372 0.0449827 0.0405339
0.0489372 0.0449827 0.0405339 0.037568 0.0336134 0.0291646
0.037568 0.0336134 0.0291646 0.026693 0.0237271 0.0217499
0.026693 0.0237271 0.0217499 0.0192783 0.0158181 0.0138408
0.0192783 0.0158181 0.0138408 0.0138408 0.0148295 0.0153238
0.0138408 0.0148295 0.0153238 0.0163124 0.0177954 0.0163124
0.0163124 0.0177954 0.0163124 0.0138408 0.0133465 0.0133465
0.0138408 0.0133465 0.0133465 0.0153238 0.0192783 0.0232328
0.0153238 0.0192783 0.0232328 0.0247158 0.0257044 0.0296589
0.0247158 0.0257044 0.0296589 0.0331191 0.0390509 0.04696
0.0331191 0.0390509 0.04696 0.0523974 0.0608008 0.0716757
0.0523974 0.0608008 0.0716757 0.0781018 0.0835393 0.0954029
0.0781018 0.0835393 0.0954029 0.111221 0.125556 0.131488
0.111221 0.125556 0.131488 0.137914 0.146317 0.155215
0.137914 0.146317 0.155215 0.165596 0.175482 0.186357
0.165596 0.175482 0.186357 0.196243 0.203164 0.205141
0.196243 0.203164 0.205141 0.205635 0.212061 0.229362
0.205635 0.212061 0.229362 0.246169 0.249135 0.250124
0.246169 0.249135 0.250124 0.253584 0.259516 0.264459
0.253584 0.259516 0.264459 0.269402 0.279783 0.299061
0.269402 0.279783 0.299061 0.313396 0.311913 0.298566
0.313396 0.311913 0.298566 0.289174 0.294118 0.299555
0.289174 0.294118 0.299555 0.304004 0.313396 0.31735
0.304004 0.313396 0.31735 0.315373 0.303015 0.276322
0.315373 0.303015 0.276322 0.264459 0.272368 0.294612
0.264459 0.272368 0.294612 0.309936 0.308453 0.304993
0.309936 0.308453 0.304993 0.297084 0.281265 0.271873
0.297084 0.281265 0.271873 0.278794 0.294612 0.308947
0.278794 0.294612 0.308947 0.31043 0.299061 0.275828
0.31043 0.299061 0.275828 0.254078 0.248641 0.249135
0.254078 0.248641 0.249135 0.250124 0.249629 0.255067
0.250124 0.249629 0.255067 0.262976 0.25655 0.246663
0.262976 0.25655 0.246663 0.24172 0.243697 0.249629
0.24172 0.243697 0.249629 0.26001 0.262481 0.25655
0.26001 0.262481 0.25655 0.250124 0.244192 0.229362
0.250124 0.244192 0.229362 0.205635 0.201186 0.208601
0.205635 0.201186 0.208601 0.214039 0.210578 0.201186
0.214039 0.210578 0.201186 0.188828 0.174988 0.167079
0.188828 0.174988 0.167079 0.162135 0.155709 0.148789
0.162135 0.155709 0.148789 0.143846 0.136925 0.122096
0.143846 0.136925 0.122096 0.101829 0.0869995 0.0776075
0.101829 0.0869995 0.0776075 0.0701928 0.0692042 0.0682155
0.0701928 0.0692042 0.0682155 0.0632724 0.0593178 0.0553633
0.0632724 0.0593178 0.0553633 0.0494315 0.0370737 0.0296589
0.0494315 0.0370737 0.0296589 0.0286703 0.0276817 0.0252101
0.0286703 0.0276817 0.0252101 0.0227385 0.0197726 0.0163124
0.0227385 0.0197726 0.0163124 0.0153238 0.0158181 0.0148295
0.0153238 0.0158181 0.0148295 0.0153238 0.0168067 0.0168067
0.0153238 0.0168067 0.0168067 0.0168067 0.0182897 0.0192783
0.0168067 0.0182897 0.0192783 0.018784 0.017301 0.0158181
0.018784 0.017301 0.0158181 0.0138408 0.0128522 0.0123579
0.0138408 0.0128522 0.0123579 0.0108749 0.00889768 0.00840336
0.0108749 0.00889768 0.00840336 0.00741473 0.00741473 0.00741473
0.00741473 0.00741473 0.00741473 0.00790905 0.0118636 0.0163124
0.00790905 0.0118636 0.0163124 0.0192783 0.0227385 0.0247158
0.0192783 0.0227385 0.0247158 0.0286703 0.0321305 0.0365793
0.0286703 0.0321305 0.0365793 0.0434998 0.0514088 0.0637667
0.0434998 0.0514088 0.0637667 0.0795848 0.0919427 0.102323
0.0795848 0.0919427 0.102323 0.120119 0.145329 0.172022
0.120119 0.145329 0.172022 0.192289 0.209095 0.223925
0.192289 0.209095 0.223925 0.231834 0.238754 0.246169
0.231834 0.238754 0.246169 0.254572 0.266436 0.281265
0.254572 0.266436 0.281265 0.289669 0.285714 0.274839
0.289669 0.285714 0.274839 0.26693 0.265447 0.269896
0.26693 0.265447 0.269896 0.2783 0.288186 0.297578
0.2783 0.288186 0.297578 0.30697 0.312902 0.321799
0.30697 0.312902 0.321799 0.339595 0.362827 0.401384
0.339595 0.362827 0.401384 0.443401 0.465151 0.476026
0.443401 0.465151 0.476026 0.497776 0.518043 0.521008
0.497776 0.518043 0.521008 0.515077 0.511616 0.50519
0.515077 0.511616 0.50519 0.485912 0.472071 0.458725
0.485912 0.472071 0.458725 0.437469 0.430054 0.430054
0.437469 0.430054 0.430054 0.412753 0.388532 0.381611
0.412753 0.388532 0.381611 0.383094 0.376174 0.372714
0.383094 0.376174 0.372714 0.385566 0.387543 0.371725
0.385566 0.387543 0.371725 0.359862 0.347998 0.333169
0.359862 0.347998 0.333169 0.319328 0.314879 0.31043
0.319328 0.314879 0.31043 0.305981 0.299061 0.280277
0.305981 0.299061 0.280277 0.254078 0.23134 0.213544
0.254078 0.23134 0.213544 0.199209 0.19476 0.1913
0.199209 0.19476 0.1913 0.187346 0.181908 0.172516
0.187346 0.181908 0.172516 0.158675 0.153238 0.154721
0.158675 0.153238 0.154721 0.151261 0.153238 0.156698
0.151261 0.153238 0.156698 0.153732 0.143351 0.134948
0.153732 0.143351 0.134948 0.130994 0.125062 0.120613
0.130994 0.125062 0.120613 0.12605 0.127533 0.120119
0.12605 0.127533 0.120119 0.111221 0.0993574 0.0894711
0.111221 0.0993574 0.0894711 0.0835393 0.0781018 0.073653
0.0835393 0.0781018 0.073653 0.0711814 0.0687098 0.0622837
0.0711814 0.0687098 0.0622837 0.0464656 0.0350964 0.0331191
0.0464656 0.0350964 0.0331191 0.0326248 0.0316362 0.0291646
0.0326248 0.0316362 0.0291646 0.0296589 0.0326248 0.0341078
0.0296589 0.0326248 0.0341078 0.0316362 0.0276817 0.0276817
0.0316362 0.0276817 0.0276817 0.028176 0.0286703 0.0336134
0.028176 0.0286703 0.0336134 0.0400395 0.0484429 0.0573406
0.0400395 0.0484429 0.0573406 0.0637667 0.0687098 0.0746416
0.0637667 0.0687098 0.0746416 0.0795848 0.0835393 0.0884825
0.0795848 0.0835393 0.0884825 0.0954029 0.102818 0.111715
0.0954029 0.102818 0.111715 0.121107 0.128028 0.133959
0.121107 0.128028 0.133959 0.145329 0.161147 0.177954
0.145329 0.161147 0.177954 0.202175 0.232823 0.256055
0.202175 0.232823 0.256055 0.274839 0.28522 0.291152
0.274839 0.28522 0.291152 0.301038 0.308947 0.316856
0.301038 0.308947 0.316856 0.321799 0.322294 0.323282
0.321799 0.322294 0.323282 0.319822 0.317845 0.324765
0.319822 0.317845 0.324765 0.330697 0.343549 0.357884
0.330697 0.343549 0.357884 0.357884 0.355413 0.354424
0.357884 0.355413 0.354424 0.354424 0.354424 0.35393
0.354424 0.354424 0.35393 0.348492 0.341572 0.338112
0.348492 0.341572 0.338112 0.337123 0.338112 0.334652
0.337123 0.338112 0.334652 0.341078 0.356401 0.371725
0.341078 0.356401 0.371725 0.382106 0.38606 0.3826
0.382106 0.38606 0.3826 0.381611 0.381611 0.376174
0.381611 0.381611 0.376174 0.366782 0.35393 0.344538
0.366782 0.35393 0.344538 0.336629 0.326742 0.31735
0.336629 0.326742 0.31735 0.302027 0.289174 0.294118
0.302027 0.289174 0.294118 0.31043 0.319822 0.316362
0.31043 0.319822 0.316362 0.310924 0.304498 0.297084
0.310924 0.304498 0.297084 0.283737 0.264953 0.246663
0.283737 0.264953 0.246663 0.237766 0.233317 0.21997
0.237766 0.233317 0.21997 0.193277 0.16609 0.154226
0.193277 0.16609 0.154226 0.151755 0.149283 0.145329
0.151755 0.149283 0.145329 0.140386 0.136431 0.132971
0.140386 0.136431 0.132971 0.128028 0.120119 0.111715
0.128028 0.120119 0.111715 0.106772 0.104301 0.0973801
0.106772 0.104301 0.0973801 0.0865052 0.0785961 0.0731587
0.0865052 0.0785961 0.0731587 0.0731587 0.0731587 0.0701928
0.0731587 0.0731587 0.0701928 0.0657439 0.0622837 0.0598122
0.0657439 0.0622837 0.0598122 0.056352 0.0553633 0.0573406
0.056352 0.0553633 0.0573406 0.0598122 0.0578349 0.0528917
0.0598122 0.0578349 0.0528917 0.0464656 0.0415225 0.0390509
0.0464656 0.0415225 0.0390509 0.037568 0.0365793 0.0341078
