0.000119761 0.00230753 0.000103839 1.61527e-005 0.000328823 0.000374512
0.000374512 5.42269e-006 0.000104069 0.000115376 0.000238367 5.76882e-005
5.76882e-005 0.000138452 0.000230753 1.15376e-005 8.07634e-005 0.000115376
0.000115376 0.00173064 1.15376e-005 1.1653e-005 4.78812e-005 0.000109954
0.000109954 0.00279084 0.000115376 6.3457e-006 4.26892e-005 0.000230753
0.000230753 0.000850208 7.49946e-005 0.000230753 6.3457e-006 3.73819e-005
3.73819e-005 3.63435e-005 0.00123072 5.76882e-005 0.00120222 1.23453e-005
1.23453e-005 1.17684e-005 3.47283e-005 4.61505e-005 1.15376e-005 2.96517e-005
2.96517e-005 1.9614e-005 4.89196e-005 1.1653e-005 9.79545e-005 7.34947e-005
7.34947e-005 0.00033263 4.90349e-005 0.000244713 2.5152e-005 7.34947e-005
7.34947e-005 0.000122414 2.43444e-005 0.000115376 5.76882e-006 7.89174e-005
7.89174e-005 1.55758e-005 9.34548e-006 4.61505e-006 2.30753e-006 1.48835e-005
1.48835e-005 4.3843e-006 3.26515e-005 1.00377e-005 7.15333e-006 2.53828e-006
2.53828e-006 1.84602e-005 4.61505e-006 4.84581e-006 2.99978e-006 3.46129e-007
3.46129e-007 2.53828e-006 5.88419e-006 1.38452e-006 6.8072e-006 1.01531e-005
1.01531e-005 2.65366e-006 4.61505e-007 2.19215e-006 1.54604e-005 6.92258e-006
6.92258e-006 0.000230753 0.00115376 4.61505e-006 2.07677e-006 1.84602e-006
1.84602e-006 1.9614e-006 2.07677e-005 5.76882e-007 1.7768e-005 2.76903e-006
2.76903e-006 4.15355e-006 6.23032e-005 0.000548038 0.000115376 5.16886e-005
5.16886e-005 2.49213e-005 1.15376e-005 1.73064e-005 6.3457e-005 3.92279e-006
3.92279e-006 0.000745908 0.000790789 2.43444e-005 0.000377973 1.75372e-005
1.75372e-005 1.15376e-006 1.84602e-006 7.03796e-006 6.69183e-006 3.46129e-006
3.46129e-006 3.34591e-006 1.15376e-006 2.53828e-006 2.30753e-006 7.38408e-006
7.38408e-006 2.26138e-005 2.30753e-007 5.76882e-007 1.15376e-005 5.78035e-005
5.78035e-005 4.03817e-006 4.61505e-006 1.38452e-006 4.15355e-006 2.07677e-006
2.07677e-006 5.99957e-006 2.30753e-007 2.65366e-006 7.38408e-006 2.4229e-006
2.4229e-006 1.03839e-006 7.03796e-006 1.1653e-005 1.61527e-006 1.93832e-005
1.93832e-005 0.000403817 0.00121145 0.000444314 1.15376e-005 0.0007556
0.0007556 5.76882e-005 0.000749946 5.76882e-006 1.15376e-005 2.31906e-005
2.31906e-005 0.000230753 0.000132567 1.69603e-005 1.70757e-005 0.000115376
0.000115376 6.05726e-005 9.34548e-005 3.57667e-005 9.46086e-006 9.23011e-007
9.23011e-007 2.07677e-006 6.69183e-006 1.9614e-006 1.9614e-006 3.46129e-007
3.46129e-007 2.30753e-007 1.9614e-006 3.46129e-006 2.53828e-006 1.84602e-006
1.84602e-006 4.84581e-006 2.99978e-006 1.03839e-006 1.61527e-006 5.30731e-006
5.30731e-006 1.15376e-006 2.30753e-007 3.57667e-006 7.49946e-006 4.84581e-006
4.84581e-006 2.4229e-006 1.43067e-005 2.30753e-007 1.9614e-006 2.5152e-005
2.5152e-005 6.92258e-006 8.42247e-006 1.9614e-006 3.61128e-005 0.000115376
0.000115376 1.15376e-005 4.63813e-005 1.66142e-005 3.69204e-006 1.49989e-006
1.49989e-006 3.57667e-006 6.3457e-006 1.26914e-006 1.13069e-005 5.42269e-006
5.42269e-006 2.15754e-005 1.9614e-006 5.53806e-006 2.30753e-007 5.30731e-006
5.30731e-006 1.32683e-005 1.9614e-006 6.57645e-006 8.7686e-006 2.76903e-006
2.76903e-006 1.03839e-006 3.69204e-006 1.10761e-005 3.57667e-006 8.53785e-006
8.53785e-006 1.40759e-005 3.57667e-006 2.53828e-006 1.38452e-006 4.49968e-006
4.49968e-006 1.03839e-006 8.07634e-007 1.15376e-006 6.69183e-006 1.61527e-006
1.61527e-006 1.73064e-006 3.69204e-006 8.53785e-006 2.76903e-006 0.000230753
0.000230753 0.000110531 0.000115376 4.96118e-006 1.56912e-005 3.18439e-005
3.18439e-005 5.15732e-005 3.14977e-005 1.92678e-005 1.73064e-006 3.94587e-005
3.94587e-005 0.000131298 4.30354e-005 3.16131e-005 5.88419e-006 4.58044e-005
4.58044e-005 1.24606e-005 1.24606e-005 0.000346129 0.000703219 4.61505e-005
4.61505e-005 7.15333e-005 7.91482e-005 0.000526231 0.000255328 1.15376e-005
1.15376e-005 0.000135106 0.000124953 3.57667e-005 0.00025152 0.000404394
0.000404394 1.15376e-005 4.61505e-005 5.76882e-006 1.83448e-005 1.45374e-005
1.45374e-005 6.11494e-006 9.23011e-006 4.49968e-006 2.72288e-005 6.46107e-006
6.46107e-006 1.38452e-006 2.30753e-007 2.12292e-005 1.84602e-006 5.76882e-007
5.76882e-007 1.46528e-005 8.99935e-006 6.92258e-007 3.92279e-006 4.15355e-005
4.15355e-005 7.73021e-006 7.49946e-006 1.9614e-006 4.49968e-006 7.84559e-006
7.84559e-006 2.13446e-005 6.92258e-007 3.32284e-005 2.76903e-006 1.2576e-005
1.2576e-005 2.35368e-005 8.01865e-005 2.00755e-005 6.23032e-006 2.22676e-005
2.22676e-005 0.000346129 3.47283e-005 5.76882e-005 1.22299e-005 0.000224984
0.000224984 6.63414e-005 0.000619455 0.000714295 0.000714295 9.23011e-007
9.23011e-007 1.84602e-005 3.46129e-006 7.15333e-006 3.77281e-005 0.000611494
0.000611494 2.50367e-005 6.1611e-005 0.000230753 0.000230753 5.09963e-005
5.09963e-005 9.11473e-006 1.073e-005 5.76882e-005 0.000184602 4.08432e-005
4.08432e-005 2.65366e-006 3.46129e-006 4.84581e-006 4.55736e-005 7.13026e-005
7.13026e-005 0.000453429 0.000369204 7.96097e-005 8.07634e-005 3.84203e-005
3.84203e-005 0.000288556 3.76127e-005 0.000346129 0.000109608 5.65344e-006
5.65344e-006 0.000106377 0.000115376 0.000132683 1.78833e-005 0.000230753
0.000230753 5.80343e-005 4.26892e-006 6.11494e-006 4.69582e-005 1.29221e-005
1.29221e-005 2.07677e-006 2.76903e-006 5.99957e-006 2.30753e-006 4.15355e-006
4.15355e-006 1.49989e-005 1.49989e-006 8.07634e-007 1.84602e-006 1.04992e-005
1.04992e-005 3.46129e-007 2.07677e-006 3.92279e-006 6.46107e-006 2.65366e-006
2.65366e-006 1.84602e-006 2.30753e-007 4.15355e-006 3.80742e-006 2.30753e-007
2.30753e-007 2.88441e-006 2.65366e-005 1.48835e-005 4.49968e-006 2.07677e-006
2.07677e-006 5.88419e-006 3.46129e-007 1.91525e-005 6.57645e-006 2.30753e-007
2.30753e-007 2.19215e-006 2.19215e-006 2.88441e-005 2.53828e-005 0.000403817
0.000403817 0.000692258 0.000276903 5.76882e-005 2.38829e-005 0.000230753
0.000230753 2.31906e-005 0.000173064 4.68428e-005 7.34947e-005 1.38452e-006
1.38452e-006 1.51143e-005 2.88441e-006 2.65366e-006 1.9614e-006 7.73021e-006
7.73021e-006 2.76903e-006 5.07656e-006 2.65366e-006 2.15754e-005 0.000115376
0.000115376 0.000115376 4.26892e-005 5.49191e-005 5.76882e-005 0.000130029
0.000130029 0.000576882 4.0151e-005 2.76903e-006 6.6226e-005 2.30753e-007
2.30753e-007 2.88441e-006 4.03817e-006 3.23054e-006 2.53828e-006 2.76903e-006
2.76903e-006 5.76882e-007 6.57645e-006 5.65344e-006 2.11139e-005 3.34591e-005
3.34591e-005 1.84602e-005 0.00038005 0.000637916 0.000637916 0.000212292
0.000212292 0.000230753 2.71134e-005 1.85756e-005 1.37298e-005 2.30753e-006
2.30753e-006 1.4422e-005 1.15376e-006 2.76903e-006 2.76903e-006 3.57667e-006
3.57667e-006 2.99978e-006 1.73064e-006 2.99978e-006 6.11494e-006 8.30709e-006
8.30709e-006 7.26871e-006 0.000330092 4.40738e-005 3.57667e-005 2.76903e-006
2.76903e-006 2.07677e-006 4.26892e-006 5.30731e-006 3.69204e-006 5.53806e-006
5.53806e-006 4.73043e-006 1.29221e-005 0.000346129 0.000576882 0.000576882
0.000576882 0.000192332 0.000230753 0.000576882 0.000576882 0.000576882
0.000576882 0.000192332 2.91902e-005 1.61527e-006 2.24984e-005 4.3843e-006
4.3843e-006 1.26914e-006 2.30753e-006 8.07634e-007 6.8072e-006 2.99978e-006
2.99978e-006 7.73021e-006 3.56513e-005 3.34591e-006 1.29221e-005 1.73064e-006
1.73064e-006 9.46086e-006 0.000115376 0.000403702 4.59198e-005 0.000138567
0.000138567 6.94565e-005 0.000224984 0.000168103 0.000115376 1.15376e-005
1.15376e-005 0.00108454 6.8072e-006 4.30354e-005 5.53806e-005 5.76882e-005
5.76882e-005 4.82273e-005 1.4422e-005 0.000150797 9.34548e-006 1.26914e-006
1.26914e-006 2.99978e-006 2.4229e-006 2.07677e-006 6.23032e-006 6.3457e-006
6.3457e-006 6.92258e-007 1.9614e-006 1.84602e-006 8.07634e-006 2.76903e-006
2.76903e-006 2.07677e-006 2.4229e-006 1.38452e-006 2.88441e-006 7.38408e-006
7.38408e-006 1.26914e-006 3.23054e-006 2.30753e-007 1.00377e-005 8.65322e-006
8.65322e-006 2.81518e-005 5.42269e-006 2.76903e-006 2.19215e-006 2.71134e-005
2.71134e-005 2.19215e-006 3.46129e-006 2.30753e-006 2.08831e-005 5.84958e-005
5.84958e-005 0.000923011 0.000923011 0.000461505 0.000576882 0.000576882
0.000576882 0.000192332 0.000115376 5.59575e-005 0.000576882 0.000576882
0.000576882 0.000576882 0.000192332 2.88441e-005 1.73064e-006 2.64212e-005
2.64212e-005 3.26515e-005 0.000107185 4.84581e-005 3.47283e-005 5.76882e-005
5.76882e-005 0.000100377 1.10761e-005 5.76882e-005 0.00206835 0.00530154
0.00530154 0.000230753 0.000230753 2.53828e-005 0.000230753 2.80364e-005
2.80364e-005 5.76882e-005 6.03418e-005 6.58799e-005 0.000115376 6.55337e-005
6.55337e-005 0.000230753 0.000143413 1.06146e-005 0.000123799 0.000115376
0.000115376 2.96517e-005 8.08788e-005 0.000116299 0.000428162 3.23054e-005
3.23054e-005 8.07634e-007 7.30332e-005 6.92258e-007 8.36478e-005 0.000115376
0.000115376 0.000377165 1.15376e-005 6.48415e-005 1.67296e-005 2.86133e-005
2.86133e-005 8.7686e-005 4.61505e-005 2.19215e-005 3.47283e-005 8.0648e-005
8.0648e-005 0.000115376 0.00134552 5.76882e-005 1.15376e-005 8.65322e-005
8.65322e-005 4.73043e-006 8.3994e-005 3.47283e-005 2.30753e-005 8.42247e-005
8.42247e-005 4.73043e-006 0.000110646 0.000230753 0.000118607 4.24585e-005
4.24585e-005 0.000192102 2.19215e-005 1.89217e-005 0.000117222 5.76882e-005
5.76882e-005 5.76882e-005 1.15376e-005 4.78812e-005 2.69981e-005 8.65322e-005
8.65322e-005 0.000288441 0.000865322 0.000346129 0.000103839 2.31906e-005
2.31906e-005 7.09564e-005 0.000341052 3.78434e-005 2.31906e-005 1.28068e-005
1.28068e-005 5.365e-005 5.76882e-005 0.000145951 8.48016e-005 0.000576882
0.000576882 9.57623e-005 5.8265e-005 2.09985e-005 0.000109608 0.000214831
0.000214831 5.76882e-005 2.37675e-005 0.000167757 2.30753e-005 0.000253828
0.000253828 5.19193e-005 1.17684e-005 0.000230753 0.000807634 0.00230176
0.00230176 0.000269288 3.88818e-005 6.49569e-005 0.00019614 0.00015945
0.00015945 4.70735e-005 0.000134644 0.000172141 0.000515848 0.000515848
0.000515848 0.000266635 8.30709e-005 8.30709e-005 8.30709e-005 8.99935e-006
8.99935e-006 0.000216446 2.31906e-005 0.000184025 0.000108569 0.000103839
0.000103839 8.52631e-005 3.32284e-005 6.31108e-005 1.17684e-005 2.71134e-005
2.71134e-005 0.000136375 5.53806e-005 0.000149989 0.000500272 5.76882e-005
5.76882e-005 0.000835094 8.60707e-005 6.78413e-005 1.43067e-005 5.13425e-005
5.13425e-005 6.68029e-005 4.09586e-005 0.00017318 0.000196255 0.000271711
0.000271711 1.1653e-005 5.76882e-005 0.000324554 5.87265e-005 2.30753e-005
2.30753e-005 1.73064e-005 0.000258558 2.64212e-005 9.81852e-005 1.63834e-005
1.63834e-005 0.000158412 0.000230753 0.00014422 0.000273211 1.60373e-005
1.60373e-005 8.19172e-005 8.35325e-005 0.000394702 6.13802e-005 8.53785e-005
8.53785e-005 3.19592e-005 2.88441e-005 4.3843e-005 0.000219677 2.81518e-005
2.81518e-005 0.000980699 5.78035e-005 5.12271e-005 0.000121722 6.8072e-006
6.8072e-006 4.03817e-006 7.73021e-006 5.06502e-005 0.000299978 0.000138452
0.000138452 0.000271711 0.000346129 1.09608e-005 6.48415e-005 1.67296e-005
1.67296e-005 3.01132e-005 1.59219e-005 2.90748e-005 1.1653e-005 9.4724e-005
9.4724e-005 0.000104185 8.51477e-005 8.51477e-005 0.000403817 0.000230753
0.000230753 0.000230753 0.000230753 0.000230753 0.000230753 0.000576882
0.000576882 4.03817e-006 1.15376e-005 8.07634e-006 0.000115376 0.000437853
0.000437853 4.54583e-005 5.76882e-005 5.51499e-005 7.49946e-005 9.23011e-005
9.23011e-005 0.000197294 6.92258e-005 0.000185294 1.1653e-005 0.000173064
0.000173064 0.00018391 0.000109608 2.20369e-005 1.17684e-005 0.000115376
0.000115376 5.78035e-005 1.15376e-005 0.000126799 1.15376e-005 0.000565344
0.000565344 1.36144e-005 9.61085e-005 0.000204678 0.000121837 0.000207677
0.000207677 5.80343e-005 0.000138452 1.49989e-005 2.71134e-005 5.76882e-005
5.76882e-005 2.88441e-005 5.19193e-005 0.000796097 1.15376e-005 5.76882e-005
5.76882e-005 0.000288441 1.22299e-005 0.000644377 0.000346129 5.76882e-005
5.76882e-005 0.000290056 0.00112353 3.20746e-005 1.15376e-005 2.30753e-005
2.30753e-005 0.000346129 0.000115376 4.61505e-006 0.000110761 7.79944e-005
7.79944e-005 2.99978e-005 3.79588e-005 5.19193e-005 0.000465543 2.88441e-005
2.88441e-005 0.000173526 0.000173064 0.000101762 0.000129683 1.15376e-005
1.15376e-005 5.76882e-005 0.000115492 2.30753e-005 1.15376e-005 3.65743e-005
3.65743e-005 4.60352e-005 1.1653e-005 0.000414201 0.000280364 0.000280364
0.000280364 1.4422e-005 0.000174103 0.000136721 0.000232483 4.23431e-005
4.23431e-005 0.00049208 1.89217e-005 5.76882e-005 5.76882e-005 2.30753e-005
2.30753e-005 0.000387434 4.36122e-005 3.54205e-005 0.0001013 1.1653e-005
1.1653e-005 2.88441e-005 0.00014422 0.000157489 0.00195736 0.000276903
0.000276903 1.4422e-005 0.000288441 1.38452e-005 0.000115376 8.07634e-005
8.07634e-005 1.73064e-005 5.76882e-005 5.59575e-005 1.15376e-005 7.34947e-005
7.34947e-005 1.84602e-006 2.20369e-005 5.76882e-005 8.65322e-005 5.76882e-005
5.76882e-005 2.78057e-005 5.80343e-005 0.000123453 1.49989e-005 0.000578612
0.000578612 2.75749e-005 1.46528e-005 8.71091e-005 5.76882e-005 5.76882e-005
5.76882e-005 1.73064e-005 0.000115376 0.000504541 2.91902e-005 0.00460352
0.00460352 0.00230176 0.00230176 0.00230176 0.014364 5.22655e-005
5.22655e-005 5.76882e-005 6.92258e-005 0.000115146 5.76882e-005 0.00015172
0.00015172 2.31906e-005 5.20347e-005 0.000161527 0.000130606 0.00115376
0.00115376 0.000138221 4.74197e-005 1.3499e-005 0.00147013 0.000291902
0.000291902 5.80343e-005 2.39983e-005 0.000182987 3.48436e-005 3.53052e-005
3.53052e-005 1.49989e-005 5.80343e-005 4.06125e-005 0.00346129 2.35368e-005
2.35368e-005 0.00174795 0.000115953 0.000115376 1.78833e-005 0.000432084
0.000432084 0.00016545 2.88441e-005 2.88441e-005 0.000673798 1.84602e-005
1.84602e-005 3.63435e-005 7.61484e-006 1.15376e-005 5.19193e-005 3.47283e-005
3.47283e-005 2.87287e-005 1.38452e-006 0.000565575 0.000126914 0.000103839
0.000103839 0.000321669 4.61505e-005 0.00675771 0.000230753 7.49946e-005
7.49946e-005 0.000230753 2.30753e-006 3.57667e-006 2.19215e-006 2.74596e-005
2.74596e-005 2.19215e-006 2.76903e-006 5.53806e-006 2.8498e-005 8.65322e-006
8.65322e-006 1.01531e-005 9.23011e-007 3.23054e-006 1.38452e-006 7.49946e-006
7.49946e-006 2.88441e-006 1.49989e-006 2.4229e-006 2.07677e-006 2.76903e-006
2.76903e-006 8.19172e-006 1.84602e-006 1.9614e-006 6.57645e-006 6.3457e-006
6.3457e-006 3.46129e-007 2.07677e-006 2.4229e-006 2.99978e-006 1.38452e-006
1.38452e-006 1.62681e-005 0.000135567 3.34591e-006 1.32683e-005 3.11516e-006
3.11516e-006 2.30753e-006 6.92258e-006 3.46129e-006 0.000115838 1.31529e-005
1.31529e-005 2.28445e-005 1.61527e-006 7.44177e-005 3.63435e-005 2.76903e-006
2.76903e-006 2.07677e-006 4.3843e-006 5.30731e-006 5.65344e-006 4.84581e-006
4.84581e-006 2.07677e-006 1.30375e-005 7.26871e-006 8.42247e-006 6.23032e-006
6.23032e-006 2.99978e-006 1.73064e-006 2.99978e-006 3.69204e-006 2.76903e-006
2.76903e-006 2.76903e-006 1.15376e-006 1.46528e-005 2.30753e-006 2.16907e-005
2.16907e-005 6.74951e-005 2.30753e-007 4.26892e-006 3.34591e-006 2.53828e-006
2.53828e-006 2.76903e-006 1.39605e-005 5.65344e-006 2.146e-005 0.00029744
0.00029744 2.88441e-006 2.65366e-006 1.9614e-006 7.96097e-006 1.9614e-006
1.9614e-006 2.76903e-006 5.07656e-006 2.65366e-006 2.64212e-005 2.07677e-006
2.07677e-006 5.76882e-006 3.46129e-007 1.94986e-005 6.57645e-006 2.4229e-006
2.4229e-006 2.07677e-006 1.52297e-005 2.20369e-005 2.88441e-006 3.80742e-006
3.80742e-006 4.26892e-006 2.30753e-007 1.9614e-006 2.65366e-006 6.8072e-006
6.8072e-006 4.15355e-006 2.19215e-006 3.46129e-007 1.073e-005 1.84602e-006
1.84602e-006 8.07634e-007 1.49989e-006 1.52297e-005 4.26892e-006 2.30753e-006
2.30753e-006 2.19215e-006 6.11494e-006 2.88441e-006 2.07677e-006 4.36122e-005
4.36122e-005 7.38408e-006 4.3843e-006 4.67274e-005 2.65366e-006 3.57667e-006
3.57667e-006 4.96118e-006 0.000200639 9.34548e-006 1.19991e-005 1.90371e-005
1.90371e-005 3.57667e-006 7.26871e-006 4.48814e-005 1.90371e-005 1.49989e-005
1.49989e-005 6.3457e-006 1.41913e-005 3.66897e-005 6.8072e-006 2.30753e-007
2.30753e-007 2.19215e-005 1.84602e-006 1.52297e-005 9.34548e-006 4.03817e-006
4.03817e-006 4.31507e-005 7.96097e-006 7.73021e-006 1.9614e-006 4.61505e-006
4.61505e-006 7.96097e-006 2.20369e-005 6.92258e-007 3.44975e-005 2.76903e-006
2.76903e-006 1.29221e-005 2.43444e-005 8.31863e-005 2.07677e-005 4.00356e-005
4.00356e-005 2.04216e-005 1.7768e-005 5.11117e-005 1.66142e-005 8.36478e-005
8.36478e-005 3.92279e-006 1.49989e-006 3.92279e-006 6.8072e-006 1.38452e-006
1.38452e-006 1.21145e-005 5.76882e-006 2.30753e-005 2.07677e-006 5.99957e-006
5.99957e-006 2.30753e-007 1.98447e-005 2.07677e-006 7.03796e-006 3.46129e-007
3.46129e-007 6.92258e-007 9.34548e-006 2.99978e-006 1.15376e-006 4.03817e-006
4.03817e-006 3.80742e-006 9.23011e-006 4.96118e-006 1.51143e-005 3.80742e-006
3.80742e-006 2.65366e-006 4.84581e-006 1.03839e-006 3.46129e-007 9.23011e-007
9.23011e-007 1.26914e-006 7.15333e-006 1.73064e-006 1.84602e-006 4.03817e-006
4.03817e-006 9.11473e-006 3.92279e-006 2.19215e-006 7.15333e-006 2.07677e-006
2.07677e-006 2.07677e-006 2.30753e-007 2.07677e-006 3.69204e-006 2.76903e-006
2.76903e-006 1.9614e-006 5.07656e-006 3.11516e-006 1.61527e-006 5.53806e-006
5.53806e-006 1.26914e-006 3.46129e-007 3.80742e-006 1.3499e-005 2.19215e-006
2.19215e-006 2.65366e-006 1.52297e-005 2.30753e-007 2.07677e-006 2.68827e-005
2.68827e-005 7.38408e-006 8.99935e-006 2.07677e-006 4.30354e-005 6.57645e-006
6.57645e-006 2.19215e-006 6.57645e-006 2.88441e-006 2.65366e-006 2.53828e-006
2.53828e-006 7.49946e-006 1.24606e-005 1.73064e-006 3.98048e-005 1.15376e-006
1.15376e-006 1.9614e-006 7.61484e-006 7.15333e-006 3.92279e-006 3.57667e-006
3.57667e-006 1.15376e-006 2.65366e-006 2.53828e-006 7.96097e-006 2.43444e-005
2.43444e-005 2.30753e-007 4.84581e-006 2.19215e-006 2.07677e-006 2.22676e-005
2.22676e-005 6.92258e-007 1.91525e-005 2.99978e-006 2.12292e-005 2.30753e-006
2.30753e-006 4.61505e-007 2.88441e-006 7.84559e-006 7.38408e-006 1.49989e-006
1.49989e-006 6.3457e-006 2.76903e-006 1.03839e-006 3.46129e-007 3.23054e-006
3.23054e-006 5.19193e-006 5.07656e-006 2.76903e-006 7.73021e-006 1.09608e-005
1.09608e-005 3.91126e-005 4.73043e-006 1.61527e-005 2.53828e-006 4.96118e-006
4.96118e-006 1.01531e-005 1.68449e-005 8.584e-005 2.76903e-005 9.657e-005
9.657e-005 5.30731e-005 0.000110415 4.14201e-005 1.33837e-005 5.76882e-005
5.76882e-005 2.73442e-005 5.78035e-005 0.000141105 0.000115376 0.000155643
0.000155643 7.96097e-005 2.19215e-005 3.57667e-005 0.000131644 4.14201e-005
4.14201e-005 0.000101993 5.19193e-005 8.53785e-006 3.219e-005 0.00016095
0.00016095 5.76882e-005 0.00140759 3.42668e-005 2.50367e-005 0.000151143
0.000151143 1.15376e-005 0.00276903 3.47283e-005 1.15376e-005 0.000598803
0.000598803 0.000603303 0.000343821 5.99957e-005 0.000115376 0.000115376
0.000115376 0.00138452 0.000194986 0.000461505 0.000381896 0.000115376
0.000115376 1.14223e-005 0.000288441 1.1653e-005 2.88441e-005 9.54162e-005
9.54162e-005 0.000542269 0.00139155 0.000346129 4.09586e-005 8.07634e-007
8.07634e-007 4.14201e-005 0.00013799 0.00114223 1.33837e-005 0.00173641
0.00173641 5.53806e-005 5.86112e-005 0.000639762 2.19215e-005 5.78035e-005
5.78035e-005 8.81475e-005 0.00022983 0.000288441 0.00922434 0.000576882
0.000576882 5.76882e-005 0.000691796 5.51499e-005 7.49946e-005 0.00014422
0.00014422 0.000369204 5.59575e-005 0.000519193 0.000455736 0.000115376
0.000115376 0.000115376 0.00154304 3.34591e-005 0.000230753 0.000288441
0.000288441 0.00020537 1.38452e-005 0.000115376 5.76882e-005 3.57667e-005
3.57667e-005 9.69161e-005 3.46129e-005 2.88441e-005 2.19215e-005 5.365e-005
5.365e-005 0.0028251 0.000426892 2.53828e-005 0.00222053 0.000288441
0.000288441 0.000115376 0.000230753 6.14956e-005 0.000226138 0.00013799
0.00013799 1.41913e-005 5.52653e-005 0.000253828 1.45374e-005 9.23011e-006
9.23011e-006 3.46129e-005 1.22299e-005 5.76882e-005 0.000211831 8.42247e-006
8.42247e-006 0.000167873 2.9421e-005 5.76882e-005 0.000355128 0.000115376
0.000115376 5.52653e-005 1.15376e-005 7.73021e-006 0.000346129 0.000484581
0.000484581 0.000980699 7.70714e-005 1.52297e-005 0.00012276 3.48436e-005
3.48436e-005 2.20369e-005 0.00169661 0.00012426 1.78833e-005 3.73819e-005
3.73819e-005 0.000129798 7.49946e-006 0.000115492 4.26892e-006 3.0344e-005
3.0344e-005 1.15376e-005 1.15376e-005 1.15376e-005 8.68784e-005 5.23808e-005
5.23808e-005 0.00173064 8.65322e-006 8.36478e-005 0.000115492 0.000692258
0.000692258 0.000346129 0.000118261 0.000230753 0.000530731 4.61505e-005
4.61505e-005 5.76882e-005 0.000117684 6.69183e-005 1.48835e-005 1.33837e-005
1.33837e-005 1.33837e-005 2.90748e-005 4.36122e-005 1.49989e-005 7.38408e-006
7.38408e-006 0.00014722 0.000203524 0.00230753 1.15376e-005 7.73021e-005
7.73021e-005 6.55337e-005 0.000346129 0.0005365 5.52653e-005 2.75749e-005
2.75749e-005 1.68449e-005 2.88441e-005 1.49989e-005 5.59575e-005 0.000281518
0.000281518 8.28402e-005 2.30753e-006 0.000137298 5.94188e-005 0.000738408
0.000738408 0.000730909 1.15376e-005 3.56513e-005 0.000201909 2.88441e-005
2.88441e-005 0.000571113 1.19991e-005 7.6956e-005 3.5882e-005 2.99978e-006
2.99978e-006 6.26493e-005 0.000201909 0.00051054 3.46129e-005 5.76882e-005
5.76882e-005 5.76882e-005 0.000346129 8.07634e-005 5.76882e-005 8.48016e-005
8.48016e-005 0.000115376 5.74574e-005 0.000288441 1.60373e-005 0.000140413
0.000140413 2.66519e-005 0.000431854 1.24606e-005 2.66519e-005 5.67651e-005
5.67651e-005 0.000230753 0.00576882 0.000588419 8.7686e-006 1.73064e-006
1.73064e-006 1.33837e-005 4.73043e-006 6.92258e-006 3.56513e-005 0.00019614
0.00019614 9.23011e-005 0.000230753 0.000353744 0.000519193 0.000173064
0.000173064 0.000346129 0.000115376 2.76903e-005 1.73064e-005 1.48835e-005
1.48835e-005 0.000203062 1.63834e-005 2.76903e-005 0.000103839 0.000230753
0.000230753 2.71134e-005 2.88441e-005 0.000178833 5.50345e-005 1.73064e-005
1.73064e-005 2.08831e-005 7.17641e-005 0.000126914 5.76882e-005 5.76882e-005
5.76882e-005 5.76882e-005 5.76882e-005 0.000115376 0.000230753 0.000115376
0.000115376 5.76882e-006 9.11473e-006 4.73043e-006 0.00019614 5.76882e-006
5.76882e-006 0.000426892 2.97671e-005 0.00974826 0.00347317 0.0257723
0.0257723 2.48059e-005 0.000115376 5.63036e-005 9.23011e-005 0.000134067
0.000134067 5.76882e-006 0.000334591 2.30753e-005 8.07634e-005 0.000346129
0.000346129 4.03817e-005 3.46129e-005 0.000115376 0.000115376 0.000115376
0.000115376 2.88441e-005 5.19193e-005 0.000418816 0.000230753 0.00230753
0.00230753 0.0121879 0.000230753 0.000230753 0.00013799 3.11516e-006
3.11516e-006 1.9614e-006 4.3843e-006 7.49946e-006 2.19215e-006 2.0537e-005
2.0537e-005 1.9614e-006 0.000281057 1.68449e-005 5.99957e-006 8.7686e-006
8.7686e-006 8.7686e-006 4.24585e-005 2.08831e-005 1.41913e-005 1.79987e-005
1.79987e-005 1.33837e-005 3.34591e-006 6.92258e-006 3.34591e-006 2.50367e-005
2.50367e-005 1.56912e-005 5.65344e-006 2.29599e-005 4.73043e-006 0.000128183
0.000128183 2.65366e-006 7.90328e-005 8.11096e-005 7.03796e-005 1.52297e-005
1.52297e-005 1.9614e-006 4.49968e-006 1.03839e-005 2.76903e-006 2.65366e-006
2.65366e-006 2.88441e-006 2.4229e-006 8.7686e-006 6.11494e-006 2.30753e-006
2.30753e-006 4.15355e-006 2.88441e-006 9.57623e-006 6.23032e-006 2.06524e-005
2.06524e-005 1.4422e-005 5.19193e-006 1.9614e-006 7.49946e-006 1.00377e-005
1.00377e-005 5.76882e-007 1.93832e-005 7.15333e-006 7.26871e-006 1.84602e-006
1.84602e-006 3.69204e-005 7.73021e-006 2.4229e-006 3.80742e-006 1.9614e-006
1.9614e-006 2.19215e-006 2.07677e-006 2.07677e-006 2.65366e-006 8.99935e-006
8.99935e-006 1.15376e-006 2.65366e-006 2.88441e-006 6.46107e-006 2.19215e-006
2.19215e-006 2.65366e-006 4.15355e-006 1.9614e-006 1.23453e-005 5.88419e-006
5.88419e-006 2.65366e-006 1.03839e-006 1.38452e-005 6.38031e-005 2.4229e-006
2.4229e-006 2.65366e-006 2.65366e-006 2.53828e-006 8.07634e-007 1.9614e-006
1.9614e-006 2.76903e-006 5.53806e-006 1.9614e-006 2.53828e-006 3.92279e-006
3.92279e-006 2.07677e-006 1.73064e-006 2.07677e-006 5.76882e-006 1.9614e-006
1.9614e-006 6.46107e-006 2.76903e-006 1.4422e-005 1.84602e-006 1.14223e-005
1.14223e-005 1.9614e-006 1.9614e-006 3.80742e-006 3.46129e-007 1.88063e-005
1.88063e-005 1.03839e-006 2.53828e-006 4.49968e-006 1.15376e-006 2.07677e-006
2.07677e-006 6.8072e-006 1.9614e-006 1.28068e-005 2.30753e-007 3.57667e-006
3.57667e-006 4.84581e-006 1.3499e-005 2.4229e-006 2.07677e-006 4.07278e-005
4.07278e-005 1.61527e-006 2.76903e-006 8.53785e-006 2.53828e-006 5.30731e-006
5.30731e-006 8.65322e-006 1.17684e-005 3.69204e-006 2.53828e-006 1.15376e-006
1.15376e-006 2.30753e-006 7.49946e-006 2.07677e-006 2.19215e-006 4.61505e-007
4.61505e-007 7.03796e-006 4.73043e-006 2.53828e-006 2.07677e-005 7.38408e-006
7.38408e-006 2.30753e-007 1.93832e-005 4.41891e-005 7.96097e-006 4.07278e-005
4.07278e-005 1.9614e-005 1.9614e-006 7.26871e-006 7.49946e-006 1.49989e-006
1.49989e-006 1.9614e-006 4.96118e-006 3.78434e-005 4.61505e-006 1.59219e-005
1.59219e-005 6.23032e-006 5.42269e-006 1.99601e-005 1.15376e-006 2.30753e-007
2.30753e-007 2.65366e-006 2.19215e-006 4.03817e-006 3.46129e-007 3.80742e-006
3.80742e-006 2.68827e-005 1.9614e-006 2.53828e-006 6.3457e-006 1.84602e-006
1.84602e-006 9.57623e-006 3.25361e-005 2.88441e-006 1.24606e-005 7.03796e-006
7.03796e-006 4.15355e-006 6.92258e-006 5.42269e-006 1.22299e-005 1.26914e-006
1.26914e-006 7.86866e-005 2.30753e-007 8.07634e-007 0.000109492 2.11139e-005
2.11139e-005 6.92258e-006 1.15376e-006 3.92279e-006 6.92258e-007 1.43067e-005
1.43067e-005 3.46129e-007 1.53451e-005 6.69183e-006 6.57645e-006 1.84602e-006
1.84602e-006 3.57667e-006 3.47283e-005 1.4422e-005 1.13069e-005 1.61527e-006
1.61527e-006 3.80742e-006 1.49989e-006 4.61505e-006 3.46129e-007 3.46129e-007
3.46129e-007 1.73064e-006 1.49989e-006 4.73043e-006 2.30753e-007 1.73064e-006
1.73064e-006 2.30753e-007 5.30731e-006 1.26914e-006 1.2576e-005 1.61527e-006
1.61527e-006 2.65366e-006 2.30753e-006 6.23032e-006 5.99957e-006 2.30753e-006
2.30753e-006 3.11516e-006 5.07656e-006 2.30753e-007 1.9614e-006 3.11516e-006
3.11516e-006 9.23011e-007 1.32683e-005 1.84602e-006 3.46129e-007 2.29599e-005
2.29599e-005 3.61128e-005 4.13047e-005 5.99957e-006 2.65366e-006 5.76882e-006
5.76882e-006 3.80742e-006 6.92258e-006 2.07677e-006 3.43821e-005 3.46129e-006
3.46129e-006 2.18061e-005 2.15754e-005 4.83427e-005 2.53828e-005 3.34591e-006
3.34591e-006 0.000189679 1.79987e-005 4.84581e-006 2.30753e-007 8.65322e-006
8.65322e-006 1.4422e-005 2.65366e-006 4.61505e-006 1.81141e-005 1.49989e-006
1.49989e-006 3.23054e-006 7.73021e-006 1.15376e-006 2.58443e-005 1.26914e-006
1.26914e-006 7.03796e-006 6.92258e-006 7.03796e-006 7.15333e-006 3.57667e-006
3.57667e-006 1.26914e-006 1.73064e-006 0.00014422 0.00014422 0.000115376
0.000115376 9.03397e-005 2.83826e-005 1.54604e-005 1.15376e-005 0.000576882
0.000576882 0.00519193 7.7879e-005 0.000749946 0.000346129 2.30753e-005
2.30753e-005 0.000230753 0.000112146 0.000115376 5.76882e-005 0.000102685
0.000102685 2.12292e-005 0.00347283 0.00188167 0.000510194 4.73043e-006
4.73043e-006 0.00519193 0.00026375 0.00128414 0.00102339 0.000576882
0.000576882 7.81098e-005 0.000276903 1.03839e-005 3.98048e-005 7.49946e-005
7.49946e-005 5.76882e-005 3.46129e-005 1.26914e-005 0.000126914 0.00393433
0.00393433 0.000704257 1.26914e-005 1.29221e-005 5.76882e-005 1.41913e-005
1.41913e-005 5.28424e-005 4.62659e-005 0.000113415 7.63791e-005 2.30753e-005
2.30753e-005 8.88398e-006 0.000137067 2.75749e-005 0.000103377 0.000268019
0.000268019 2.08831e-005 4.23431e-005 5.76882e-005 0.000115376 0.000461505
0.000461505 0.000294902 0.000161527 0.000692258 0.000115376 0.000115376
0.000115376 0.000115376 0.000115376 2.30753e-005 2.30753e-005 0.000576882
0.000576882 2.30753e-005 2.63058e-005 1.13069e-005 1.40759e-005 5.76882e-005
5.76882e-005 8.45708e-005 7.06103e-005 2.99978e-005 1.29221e-005 3.20746e-005
3.20746e-005 0.000323861 1.73064e-005 4.03817e-005 1.60373e-005 4.61505e-005
4.61505e-005 4.51121e-005 9.66854e-005 0.000284056 0.000311516 1.30375e-005
1.30375e-005 1.29221e-005 0.000576882 1.73064e-005 0.000656145 3.57667e-005
3.57667e-005 5.76882e-006 4.78812e-005 0.00109354 0.00229645 0.000894166
0.000894166 0.000576882 0.000284056 0.000292825 0.000288441 0.000288441
0.000288441 0.346129 1.38452e-006 0.000346129 0.00115376 0.00115376
0.00115376 0.000569959 2.69981e-005 3.42668e-005 3.46129e-005 0.000115376
0.000115376 0.0024229 0.000576882 0.000126914 0.000395741 0.00115376
0.00115376 0.000576882 0.00115376 0.00148951 0.000115376 0.000576882
0.000576882 0.00327646 0.000346129 0.000115376 4.62659e-005 2.30753e-005
2.30753e-005 8.07634e-006 0.000115376 0.000126914 0.000126914 0.000173064
0.000173064 0.000230753 3.71512e-005 0.000124953 0.000656145 6.56491e-005
6.56491e-005 9.8416e-005 0.000544576 0.000328015 0.000477312 0.000477312
0.000477312 0.000656145 0.00123303 0.00123303 0.00123303 0.000656145
0.000656145 0.000656145 0.000328015 0.000656145 0.000656145 0.000656145
0.000656145 0.000328015 0.000131183 0.000164065 0.0014407 6.56491e-005
6.56491e-005 0.000576882 0.000576882 0.00115376 0.00346129 0.00115376
0.00115376 0.000346129 0.00103839 0.000115376 0.000692258 0.000115376
0.000115376 0.000115376 0.000115376 0.000115376 0.00161527 0.000323054
0.000323054 0.00115376 0.000461505 0.000115376 0.000230753 0.00180991
0.00180991 0.00230753 0.00115376 0.00115376 0.000230753 0.00588419
0.00588419 0.000576882 0.000230753 0.000115376 0.000461505 0.000115376
0.000115376 0.000576882 0.00600038 0.000196832 0.000328015 0.000328015
0.000328015 0.000459313 6.55337e-005 0.000656145 0.000328015 0.000656145
0.000656145 0.000656145 0.000328015 0.000656145 0.000656145 0.000196832
0.000196832 0.000328015 0.000656145 6.56491e-005 0.0052712 0.0052712
0.0052712 0.0133475 0.000656145 6.56491e-005 6.56491e-005 0.000656145
0.000656145 0.000393664 0.000656145 0.000328015 6.56491e-005 0.000328015
0.000328015 0.000328015 0.000328015 0.000328015 0.000328015 0.000656145
0.000656145 0.000656145 0.000196832 0.0191164 9.8416e-005 6.56491e-005
6.56491e-005 0.000187025 0.000656145 0.000656145 0.000656145 0.000656145
0.000656145 0.000377973 0.000377973 0.000164065 0.000196832 0.000196832
0.000196832 0.0121938 0.00273292 0.000656145 0.000131183 0.000377973
