3 nl 0.013516    0.0855475    24    0
3 nl 0.013516    0.0839746    48    1
3 nl 0.013516    0.0839746    72    2
3 nl 0.013516    0.0811529    96    3
3 nl 0.013516    0.0811529    120    4
3 nl 0.013516    0.0783589    144    5
3 nl 0.013516    0.0783589    168    6
3 nl 0.013516    0.0768421    192    7
3 nl 0.013516    0.0759436    216    8
3 nl 0.013516    0.0759436    240    9
---------------------------------------
3 nl 0.013516    0.072088    264    10
3 nl 0.013516    0.072088    288    11
3 nl 0.013516    0.072088    312    12
3 nl 0.013516    0.0674238    336    13
3 nl 0.013516    0.0650321    360    14
3 nl 0.013516    0.0650321    384    15
3 nl 0.013516    0.0627012    408    16
3 nl 0.013516    0.062568    432    17
3 nl 0.013516    0.062568    456    18
3 nl 0.013516    0.0574067    480    19
---------------------------------------
3 nl 0.013516    0.0552677    504    20
3 nl 0.013516    0.0552677    528    21
3 nl 0.013516    0.0518044    552    22
3 nl 0.013516    0.0455766    576    23
3 nl 0.013516    0.0455766    600    24
3 nl 0.013516    0.0406812    624    25
3 nl 0.013516    0.0389663    648    26
3 nl 0.013516    0.0388678    672    27
3 nl 0.013516    0.0380315    696    28
3 nl 0.013516    0.0354163    720    29
---------------------------------------
3 nl 0.013516    0.0354163    744    30
3 nl 0.013516    0.0285971    768    31
3 nl 0.013516    0.0285971    792    32
3 nl 0.013516    0.0285542    816    33
3 nl 0.013516    0.0285542    840    34
3 nl 0.013516    0.0279884    864    35
3 nl 0.013516    0.0279884    888    36
3 nl 0.013516    0.0279884    912    37
3 nl 0.013516    0.0279884    936    38
3 nl 0.013516    0.0270967    960    39
---------------------------------------
3 nl 0.013516    0.0270967    984    40
3 nl 0.013516    0.0270967    1008    41
3 nl 0.013516    0.0270967    1032    42
3 nl 0.013516    0.0270967    1056    43
3 nl 0.013516    0.0270967    1080    44
3 nl 0.013516    0.0270967    1104    45
3 nl 0.013516    0.0270967    1128    46
3 nl 0.013516    0.0267633    1152    47
3 nl 0.013516    0.0267633    1176    48
3 nl 0.013516    0.0266281    1200    49
---------------------------------------
3 nl 0.013516    0.0266281    1224    50
3 nl 0.013516    0.0266281    1248    51
3 nl 0.013516    0.0266281    1272    52
3 nl 0.013516    0.0266281    1296    53
3 nl 0.013516    0.0266281    1320    54
3 nl 0.013516    0.0266281    1344    55
3 nl 0.013516    0.0266281    1368    56
3 nl 0.013516    0.0265825    1392    57
3 nl 0.013516    0.0265825    1416    58
3 nl 0.013516    0.0265825    1440    59
---------------------------------------
3 nl 0.013516    0.0265825    1464    60
3 nl 0.013516    0.0265825    1488    61
3 nl 0.013516    0.0265825    1512    62
3 nl 0.013516    0.0265825    1536    63
3 nl 0.013516    0.0265358    1560    64
3 nl 0.013516    0.0265358    1584    65
3 nl 0.013516    0.0265358    1608    66
3 nl 0.013516    0.0265358    1632    67
3 nl 0.013516    0.0265358    1656    68
3 nl 0.013516    0.0252622    1680    69
---------------------------------------
3 nl 0.013516    0.0252622    1704    70
3 nl 0.013516    0.0252622    1728    71
3 nl 0.013516    0.0252622    1752    72
3 nl 0.013516    0.0252622    1776    73
3 nl 0.013516    0.0252622    1800    74
3 nl 0.013516    0.0246183    1824    75
3 nl 0.013516    0.0246183    1848    76
3 nl 0.013516    0.0245486    1872    77
3 nl 0.013516    0.0245486    1896    78
3 nl 0.013516    0.0245486    1920    79
---------------------------------------
3 nl 0.013516    0.0242705    1944    80
3 nl 0.013516    0.0242705    1968    81
3 nl 0.013516    0.0242705    1992    82
3 nl 0.013516    0.0242705    2016    83
3 nl 0.013516    0.0242705    2040    84
3 nl 0.013516    0.0233851    2064    85
3 nl 0.013516    0.0233851    2088    86
3 nl 0.013516    0.0227215    2112    87
3 nl 0.013516    0.0227215    2136    88
3 nl 0.013516    0.0227215    2160    89
---------------------------------------
3 nl 0.013516    0.0227215    2184    90
3 nl 0.013516    0.0227215    2208    91
3 nl 0.013516    0.0227215    2232    92
3 nl 0.013516    0.0227215    2256    93
3 nl 0.013516    0.0227215    2280    94
3 nl 0.013516    0.0227215    2304    95
3 nl 0.013516    0.0227215    2328    96
3 nl 0.013516    0.0227215    2352    97
3 nl 0.013516    0.0227215    2376    98
3 nl 0.013516    0.0227215    2400    99
---------------------------------------

 ------------------------------ 3  121200  RMSE:  0.00491819  0.00520711 NMSE:  0.000141923 0.000162005
3 nl 0.00491819    0.0530543    24    0
3 nl 0.00491819    0.0516084    48    1
3 nl 0.00491819    0.045486    72    2
3 nl 0.00491819    0.045486    96    3
3 nl 0.00491819    0.045486    120    4
3 nl 0.00491819    0.045486    144    5
3 nl 0.00491819    0.045486    168    6
3 nl 0.00491819    0.045486    192    7
3 nl 0.00491819    0.0354382    216    8
3 nl 0.00491819    0.0354382    240    9
---------------------------------------
3 nl 0.00491819    0.0346747    264    10
3 nl 0.00491819    0.0346747    288    11
3 nl 0.00491819    0.0307789    312    12
3 nl 0.00491819    0.0307789    336    13
3 nl 0.00491819    0.0307789    360    14
3 nl 0.00491819    0.0299991    384    15
3 nl 0.00491819    0.0299991    408    16
3 nl 0.00491819    0.0299991    432    17
3 nl 0.00491819    0.0299991    456    18
3 nl 0.00491819    0.0299991    480    19
---------------------------------------
3 nl 0.00491819    0.0299991    504    20
3 nl 0.00491819    0.0299991    528    21
3 nl 0.00491819    0.0299991    552    22
3 nl 0.00491819    0.0289768    576    23
3 nl 0.00491819    0.0284264    600    24
3 nl 0.00491819    0.0284264    624    25
3 nl 0.00491819    0.0284264    648    26
3 nl 0.00491819    0.0284264    672    27
3 nl 0.00491819    0.0284264    696    28
3 nl 0.00491819    0.0284264    720    29
---------------------------------------
3 nl 0.00491819    0.0284264    744    30
3 nl 0.00491819    0.0284264    768    31
3 nl 0.00491819    0.0281173    792    32
3 nl 0.00491819    0.027579    816    33
3 nl 0.00491819    0.027579    840    34
3 nl 0.00491819    0.027579    864    35
3 nl 0.00491819    0.0274298    888    36
3 nl 0.00491819    0.0274298    912    37
3 nl 0.00491819    0.0274298    936    38
3 nl 0.00491819    0.0274298    960    39
---------------------------------------
3 nl 0.00491819    0.0274298    984    40
3 nl 0.00491819    0.0274298    1008    41
3 nl 0.00491819    0.0274298    1032    42
3 nl 0.00491819    0.0271985    1056    43
3 nl 0.00491819    0.0271985    1080    44
3 nl 0.00491819    0.0271985    1104    45
3 nl 0.00491819    0.0271985    1128    46
3 nl 0.00491819    0.0271985    1152    47
3 nl 0.00491819    0.0271985    1176    48
3 nl 0.00491819    0.0269184    1200    49
---------------------------------------
3 nl 0.00491819    0.0269184    1224    50
3 nl 0.00491819    0.0269184    1248    51
3 nl 0.00491819    0.0269184    1272    52
3 nl 0.00491819    0.0269184    1296    53
3 nl 0.00491819    0.0269184    1320    54
3 nl 0.00491819    0.0269184    1344    55
3 nl 0.00491819    0.0269184    1368    56
3 nl 0.00491819    0.0269184    1392    57
3 nl 0.00491819    0.0269184    1416    58
3 nl 0.00491819    0.0269184    1440    59
---------------------------------------
3 nl 0.00491819    0.0264504    1464    60
3 nl 0.00491819    0.0264504    1488    61
3 nl 0.00491819    0.0264504    1512    62
3 nl 0.00491819    0.0264504    1536    63
3 nl 0.00491819    0.0264504    1560    64
3 nl 0.00491819    0.0264364    1584    65
3 nl 0.00491819    0.0259405    1608    66
3 nl 0.00491819    0.0258846    1632    67
3 nl 0.00491819    0.0258846    1656    68
3 nl 0.00491819    0.0258846    1680    69
---------------------------------------
3 nl 0.00491819    0.0258846    1704    70
3 nl 0.00491819    0.0258846    1728    71
3 nl 0.00491819    0.0258846    1752    72
3 nl 0.00491819    0.0258846    1776    73
3 nl 0.00491819    0.0258846    1800    74
3 nl 0.00491819    0.0258846    1824    75
3 nl 0.00491819    0.0258846    1848    76
3 nl 0.00491819    0.0258846    1872    77
3 nl 0.00491819    0.0258846    1896    78
3 nl 0.00491819    0.0258846    1920    79
---------------------------------------
3 nl 0.00491819    0.0258846    1944    80
3 nl 0.00491819    0.0258846    1968    81
3 nl 0.00491819    0.0258846    1992    82
3 nl 0.00491819    0.0258846    2016    83
3 nl 0.00491819    0.0258846    2040    84
3 nl 0.00491819    0.0258846    2064    85
3 nl 0.00491819    0.0258846    2088    86
3 nl 0.00491819    0.0258846    2112    87
3 nl 0.00491819    0.0258846    2136    88
3 nl 0.00491819    0.0258846    2160    89
---------------------------------------
3 nl 0.00491819    0.0258477    2184    90
3 nl 0.00491819    0.0258477    2208    91
3 nl 0.00491819    0.0258477    2232    92
3 nl 0.00491819    0.0258477    2256    93
3 nl 0.00491819    0.0258477    2280    94
3 nl 0.00491819    0.0258477    2304    95
3 nl 0.00491819    0.025778    2328    96
3 nl 0.00491819    0.0254278    2352    97
3 nl 0.00491819    0.0254278    2376    98
3 nl 0.00491819    0.0249095    2400    99
---------------------------------------

 ------------------------------ 3  121200  RMSE:  0.00475263  0.00498102 NMSE:  0.000132529 0.000148242
3 nl 0.00475263    0.0671594    24    0
3 nl 0.00475263    0.0671594    48    1
3 nl 0.00475263    0.0671594    72    2
3 nl 0.00475263    0.0671594    96    3
3 nl 0.00475263    0.0669302    120    4
3 nl 0.00475263    0.064413    144    5
3 nl 0.00475263    0.064413    168    6
3 nl 0.00475263    0.056804    192    7
3 nl 0.00475263    0.0537844    216    8
3 nl 0.00475263    0.0537844    240    9
---------------------------------------
3 nl 0.00475263    0.0537844    264    10
3 nl 0.00475263    0.0445016    288    11
3 nl 0.00475263    0.0437335    312    12
3 nl 0.00475263    0.0437335    336    13
3 nl 0.00475263    0.042241    360    14
3 nl 0.00475263    0.0401827    384    15
3 nl 0.00475263    0.0401827    408    16
3 nl 0.00475263    0.0384213    432    17
3 nl 0.00475263    0.0384213    456    18
3 nl 0.00475263    0.0353108    480    19
---------------------------------------
3 nl 0.00475263    0.0353108    504    20
3 nl 0.00475263    0.0353108    528    21
3 nl 0.00475263    0.0353108    552    22
3 nl 0.00475263    0.0353108    576    23
3 nl 0.00475263    0.0333264    600    24
3 nl 0.00475263    0.0333264    624    25
3 nl 0.00475263    0.0333264    648    26
3 nl 0.00475263    0.0319055    672    27
3 nl 0.00475263    0.0319055    696    28
3 nl 0.00475263    0.0319055    720    29
---------------------------------------
3 nl 0.00475263    0.0291124    744    30
3 nl 0.00475263    0.0291124    768    31
3 nl 0.00475263    0.0291124    792    32
3 nl 0.00475263    0.0291124    816    33
3 nl 0.00475263    0.0291124    840    34
3 nl 0.00475263    0.0291124    864    35
3 nl 0.00475263    0.0291124    888    36
3 nl 0.00475263    0.0291124    912    37
3 nl 0.00475263    0.0291124    936    38
3 nl 0.00475263    0.0291124    960    39
---------------------------------------
3 nl 0.00475263    0.0291124    984    40
3 nl 0.00475263    0.0291124    1008    41
3 nl 0.00475263    0.0285342    1032    42
3 nl 0.00475263    0.0285342    1056    43
3 nl 0.00475263    0.0280371    1080    44
3 nl 0.00475263    0.0280371    1104    45
3 nl 0.00475263    0.0280371    1128    46
3 nl 0.00475263    0.0280371    1152    47
3 nl 0.00475263    0.0280371    1176    48
3 nl 0.00475263    0.0280371    1200    49
---------------------------------------
3 nl 0.00475263    0.0280371    1224    50
3 nl 0.00475263    0.0280371    1248    51
3 nl 0.00475263    0.0277716    1272    52
3 nl 0.00475263    0.0277716    1296    53
3 nl 0.00475263    0.0277716    1320    54
3 nl 0.00475263    0.0277716    1344    55
3 nl 0.00475263    0.0277716    1368    56
3 nl 0.00475263    0.0277716    1392    57
3 nl 0.00475263    0.0277716    1416    58
3 nl 0.00475263    0.0276201    1440    59
---------------------------------------
3 nl 0.00475263    0.0276146    1464    60
3 nl 0.00475263    0.0274559    1488    61
3 nl 0.00475263    0.0272764    1512    62
3 nl 0.00475263    0.0272764    1536    63
3 nl 0.00475263    0.0272764    1560    64
3 nl 0.00475263    0.0268335    1584    65
3 nl 0.00475263    0.0268335    1608    66
3 nl 0.00475263    0.0268335    1632    67
3 nl 0.00475263    0.0268335    1656    68
3 nl 0.00475263    0.0267452    1680    69
---------------------------------------
3 nl 0.00475263    0.0267452    1704    70
3 nl 0.00475263    0.0267452    1728    71
3 nl 0.00475263    0.0266247    1752    72
3 nl 0.00475263    0.026581    1776    73
3 nl 0.00475263    0.026581    1800    74
3 nl 0.00475263    0.026581    1824    75
3 nl 0.00475263    0.026581    1848    76
3 nl 0.00475263    0.026581    1872    77
3 nl 0.00475263    0.026581    1896    78
3 nl 0.00475263    0.026581    1920    79
---------------------------------------
3 nl 0.00475263    0.026581    1944    80
3 nl 0.00475263    0.026581    1968    81
3 nl 0.00475263    0.026581    1992    82
3 nl 0.00475263    0.026581    2016    83
3 nl 0.00475263    0.026581    2040    84
3 nl 0.00475263    0.026581    2064    85
3 nl 0.00475263    0.026581    2088    86
3 nl 0.00475263    0.026581    2112    87
3 nl 0.00475263    0.026581    2136    88
3 nl 0.00475263    0.026581    2160    89
---------------------------------------
3 nl 0.00475263    0.026581    2184    90
3 nl 0.00475263    0.026581    2208    91
3 nl 0.00475263    0.026581    2232    92
3 nl 0.00475263    0.026581    2256    93
3 nl 0.00475263    0.026581    2280    94
3 nl 0.00475263    0.026581    2304    95
3 nl 0.00475263    0.026581    2328    96
3 nl 0.00475263    0.0265684    2352    97
3 nl 0.00475263    0.0265684    2376    98
3 nl 0.00475263    0.0265684    2400    99
---------------------------------------

 ------------------------------ 3  121200  RMSE:  0.00443861  0.00465099 NMSE:  0.000115594 0.000129249
3 nl 0.00443861    0.0626732    24    0
3 nl 0.00443861    0.0626732    48    1
3 nl 0.00443861    0.0626732    72    2
3 nl 0.00443861    0.0559118    96    3
3 nl 0.00443861    0.0559118    120    4
3 nl 0.00443861    0.0559118    144    5
3 nl 0.00443861    0.0559118    168    6
3 nl 0.00443861    0.0541816    192    7
3 nl 0.00443861    0.0541816    216    8
3 nl 0.00443861    0.0519717    240    9
---------------------------------------
3 nl 0.00443861    0.0519717    264    10
3 nl 0.00443861    0.0519717    288    11
3 nl 0.00443861    0.0516911    312    12
3 nl 0.00443861    0.0516911    336    13
3 nl 0.00443861    0.0516911    360    14
3 nl 0.00443861    0.0408163    384    15
3 nl 0.00443861    0.0367914    408    16
3 nl 0.00443861    0.0342155    432    17
3 nl 0.00443861    0.0342155    456    18
3 nl 0.00443861    0.0342155    480    19
---------------------------------------
3 nl 0.00443861    0.0342155    504    20
3 nl 0.00443861    0.0342155    528    21
3 nl 0.00443861    0.0309765    552    22
3 nl 0.00443861    0.0309765    576    23
3 nl 0.00443861    0.0309765    600    24
3 nl 0.00443861    0.0309765    624    25
3 nl 0.00443861    0.0295259    648    26
3 nl 0.00443861    0.0295259    672    27
3 nl 0.00443861    0.0295259    696    28
3 nl 0.00443861    0.0292015    720    29
---------------------------------------
3 nl 0.00443861    0.0292015    744    30
3 nl 0.00443861    0.029146    768    31
3 nl 0.00443861    0.029146    792    32
3 nl 0.00443861    0.029146    816    33
3 nl 0.00443861    0.029146    840    34
3 nl 0.00443861    0.029146    864    35
3 nl 0.00443861    0.0285564    888    36
3 nl 0.00443861    0.0285564    912    37
3 nl 0.00443861    0.02611    936    38
3 nl 0.00443861    0.02611    960    39
---------------------------------------
3 nl 0.00443861    0.02611    984    40
3 nl 0.00443861    0.02611    1008    41
3 nl 0.00443861    0.02611    1032    42
3 nl 0.00443861    0.02611    1056    43
3 nl 0.00443861    0.02611    1080    44
3 nl 0.00443861    0.02611    1104    45
3 nl 0.00443861    0.02611    1128    46
3 nl 0.00443861    0.02611    1152    47
3 nl 0.00443861    0.0249625    1176    48
3 nl 0.00443861    0.0249625    1200    49
---------------------------------------
3 nl 0.00443861    0.0249625    1224    50
3 nl 0.00443861    0.0249625    1248    51
3 nl 0.00443861    0.0249625    1272    52
3 nl 0.00443861    0.0249625    1296    53
3 nl 0.00443861    0.0249625    1320    54
3 nl 0.00443861    0.0249625    1344    55
3 nl 0.00443861    0.0249625    1368    56
3 nl 0.00443861    0.0249625    1392    57
3 nl 0.00443861    0.0249625    1416    58
3 nl 0.00443861    0.0249625    1440    59
---------------------------------------
3 nl 0.00443861    0.0249625    1464    60
3 nl 0.00443861    0.0245744    1488    61
3 nl 0.00443861    0.0245744    1512    62
3 nl 0.00443861    0.0245744    1536    63
3 nl 0.00443861    0.0235436    1560    64
3 nl 0.00443861    0.0235436    1584    65
3 nl 0.00443861    0.0235436    1608    66
3 nl 0.00443861    0.0235436    1632    67
3 nl 0.00443861    0.0233587    1656    68
3 nl 0.00443861    0.0233587    1680    69
---------------------------------------
3 nl 0.00443861    0.0233587    1704    70
3 nl 0.00443861    0.0233587    1728    71
3 nl 0.00443861    0.022557    1752    72
3 nl 0.00443861    0.022557    1776    73
3 nl 0.00443861    0.022557    1800    74
3 nl 0.00443861    0.022557    1824    75
3 nl 0.00443861    0.022557    1848    76
3 nl 0.00443861    0.022557    1872    77
3 nl 0.00443861    0.0210316    1896    78
3 nl 0.00443861    0.0210316    1920    79
---------------------------------------
3 nl 0.00443861    0.0206617    1944    80
3 nl 0.00443861    0.0206617    1968    81
3 nl 0.00443861    0.0206617    1992    82
3 nl 0.00443861    0.0206617    2016    83
3 nl 0.00443861    0.0206617    2040    84
3 nl 0.00443861    0.020343    2064    85
3 nl 0.00443861    0.020343    2088    86
3 nl 0.00443861    0.020343    2112    87
3 nl 0.00443861    0.0200397    2136    88
3 nl 0.00443861    0.0200397    2160    89
---------------------------------------
3 nl 0.00443861    0.0200397    2184    90
3 nl 0.00443861    0.0200397    2208    91
3 nl 0.00443861    0.0200391    2232    92
3 nl 0.00443861    0.0200391    2256    93
3 nl 0.00443861    0.0200391    2280    94
3 nl 0.00443861    0.0200391    2304    95
3 nl 0.00443861    0.0200391    2328    96
3 nl 0.00443861    0.0200391    2352    97
3 nl 0.00443861    0.019896    2376    98
3 nl 0.00443861    0.019896    2400    99
---------------------------------------

 ------------------------------ 3  121200  RMSE:  0.005027  0.00521309 NMSE:  0.000148273 0.000162377
3 nl 0.005027    0.0635814    24    0
3 nl 0.005027    0.0635814    48    1
3 nl 0.005027    0.0635814    72    2
3 nl 0.005027    0.0635814    96    3
3 nl 0.005027    0.0635814    120    4
3 nl 0.005027    0.0619228    144    5
3 nl 0.005027    0.0586775    168    6
3 nl 0.005027    0.0536094    192    7
3 nl 0.005027    0.0522256    216    8
3 nl 0.005027    0.049073    240    9
---------------------------------------
3 nl 0.005027    0.049073    264    10
3 nl 0.005027    0.0465972    288    11
3 nl 0.005027    0.0458903    312    12
3 nl 0.005027    0.0399405    336    13
3 nl 0.005027    0.0399405    360    14
3 nl 0.005027    0.0396159    384    15
3 nl 0.005027    0.0373555    408    16
3 nl 0.005027    0.0373555    432    17
3 nl 0.005027    0.0356963    456    18
3 nl 0.005027    0.0356963    480    19
---------------------------------------
3 nl 0.005027    0.0356963    504    20
3 nl 0.005027    0.0356963    528    21
3 nl 0.005027    0.0325137    552    22
3 nl 0.005027    0.031893    576    23
3 nl 0.005027    0.031893    600    24
3 nl 0.005027    0.030375    624    25
3 nl 0.005027    0.030375    648    26
3 nl 0.005027    0.030375    672    27
3 nl 0.005027    0.030375    696    28
3 nl 0.005027    0.030375    720    29
---------------------------------------
3 nl 0.005027    0.0262442    744    30
3 nl 0.005027    0.0233185    768    31
3 nl 0.005027    0.0233185    792    32
3 nl 0.005027    0.0233185    816    33
3 nl 0.005027    0.0232771    840    34
3 nl 0.005027    0.0232771    864    35
3 nl 0.005027    0.0232771    888    36
3 nl 0.005027    0.0232771    912    37
3 nl 0.005027    0.0232771    936    38
3 nl 0.005027    0.0232771    960    39
---------------------------------------
3 nl 0.005027    0.0232771    984    40
3 nl 0.005027    0.0232771    1008    41
3 nl 0.005027    0.0232771    1032    42
3 nl 0.005027    0.0232771    1056    43
3 nl 0.005027    0.0232771    1080    44
3 nl 0.005027    0.0230531    1104    45
3 nl 0.005027    0.0230531    1128    46
3 nl 0.005027    0.0230531    1152    47
3 nl 0.005027    0.0224512    1176    48
3 nl 0.005027    0.0224512    1200    49
---------------------------------------
3 nl 0.005027    0.0224512    1224    50
3 nl 0.005027    0.022117    1248    51
3 nl 0.005027    0.022117    1272    52
3 nl 0.005027    0.022117    1296    53
3 nl 0.005027    0.022117    1320    54
3 nl 0.005027    0.0218726    1344    55
3 nl 0.005027    0.0218726    1368    56
3 nl 0.005027    0.0218726    1392    57
3 nl 0.005027    0.0218726    1416    58
3 nl 0.005027    0.0218726    1440    59
---------------------------------------
3 nl 0.005027    0.0218726    1464    60
3 nl 0.005027    0.0218726    1488    61
3 nl 0.005027    0.0218726    1512    62
3 nl 0.005027    0.0218726    1536    63
3 nl 0.005027    0.0218726    1560    64
3 nl 0.005027    0.0218726    1584    65
3 nl 0.005027    0.0218726    1608    66
3 nl 0.005027    0.0218726    1632    67
3 nl 0.005027    0.0218615    1656    68
3 nl 0.005027    0.0218615    1680    69
---------------------------------------
3 nl 0.005027    0.0211873    1704    70
3 nl 0.005027    0.0211873    1728    71
3 nl 0.005027    0.0211873    1752    72
3 nl 0.005027    0.0211873    1776    73
3 nl 0.005027    0.0211873    1800    74
3 nl 0.005027    0.0210137    1824    75
3 nl 0.005027    0.0210137    1848    76
3 nl 0.005027    0.0210137    1872    77
3 nl 0.005027    0.0210045    1896    78
3 nl 0.005027    0.0210045    1920    79
---------------------------------------
3 nl 0.005027    0.0210045    1944    80
3 nl 0.005027    0.0210045    1968    81
3 nl 0.005027    0.0210045    1992    82
3 nl 0.005027    0.0210045    2016    83
3 nl 0.005027    0.0210045    2040    84
3 nl 0.005027    0.0208577    2064    85
3 nl 0.005027    0.0207494    2088    86
3 nl 0.005027    0.0207494    2112    87
3 nl 0.005027    0.0207494    2136    88
3 nl 0.005027    0.0207494    2160    89
---------------------------------------
3 nl 0.005027    0.0206184    2184    90
3 nl 0.005027    0.0206184    2208    91
3 nl 0.005027    0.0204024    2232    92
3 nl 0.005027    0.0204024    2256    93
3 nl 0.005027    0.0204024    2280    94
3 nl 0.005027    0.0204024    2304    95
3 nl 0.005027    0.0201011    2328    96
3 nl 0.005027    0.0201011    2352    97
3 nl 0.005027    0.0201011    2376    98
3 nl 0.005027    0.0201011    2400    99
---------------------------------------

 ------------------------------ 3  121200  RMSE:  0.00477928  0.00497781 NMSE:  0.000134019 0.000148051
3 nl 0.00477928    0.0898272    24    0
3 nl 0.00477928    0.0873038    48    1
3 nl 0.00477928    0.0831451    72    2
3 nl 0.00477928    0.0813408    96    3
3 nl 0.00477928    0.0813408    120    4
3 nl 0.00477928    0.0736788    144    5
3 nl 0.00477928    0.0725124    168    6
3 nl 0.00477928    0.0717053    192    7
3 nl 0.00477928    0.0717053    216    8
3 nl 0.00477928    0.0696491    240    9
---------------------------------------
3 nl 0.00477928    0.0681038    264    10
3 nl 0.00477928    0.0681038    288    11
3 nl 0.00477928    0.0681038    312    12
3 nl 0.00477928    0.0638469    336    13
3 nl 0.00477928    0.0638469    360    14
3 nl 0.00477928    0.0621945    384    15
3 nl 0.00477928    0.0621945    408    16
3 nl 0.00477928    0.0621945    432    17
3 nl 0.00477928    0.0614056    456    18
3 nl 0.00477928    0.0537427    480    19
---------------------------------------
3 nl 0.00477928    0.0537427    504    20
3 nl 0.00477928    0.0537427    528    21
3 nl 0.00477928    0.0490939    552    22
3 nl 0.00477928    0.0490939    576    23
3 nl 0.00477928    0.0490939    600    24
3 nl 0.00477928    0.0462157    624    25
3 nl 0.00477928    0.0402987    648    26
3 nl 0.00477928    0.0402987    672    27
3 nl 0.00477928    0.0339694    696    28
3 nl 0.00477928    0.0339694    720    29
---------------------------------------
3 nl 0.00477928    0.0339694    744    30
3 nl 0.00477928    0.0339694    768    31
3 nl 0.00477928    0.0339694    792    32
3 nl 0.00477928    0.0307849    816    33
3 nl 0.00477928    0.0307849    840    34
3 nl 0.00477928    0.0294086    864    35
3 nl 0.00477928    0.0294086    888    36
3 nl 0.00477928    0.0294086    912    37
3 nl 0.00477928    0.0294086    936    38
3 nl 0.00477928    0.0291736    960    39
---------------------------------------
3 nl 0.00477928    0.0291736    984    40
3 nl 0.00477928    0.0291736    1008    41
3 nl 0.00477928    0.0291736    1032    42
3 nl 0.00477928    0.0291736    1056    43
3 nl 0.00477928    0.0291736    1080    44
3 nl 0.00477928    0.0285459    1104    45
3 nl 0.00477928    0.0285459    1128    46
3 nl 0.00477928    0.0285459    1152    47
3 nl 0.00477928    0.0285459    1176    48
3 nl 0.00477928    0.0285459    1200    49
---------------------------------------
3 nl 0.00477928    0.0285459    1224    50
3 nl 0.00477928    0.0285459    1248    51
3 nl 0.00477928    0.0285459    1272    52
3 nl 0.00477928    0.0285459    1296    53
3 nl 0.00477928    0.0285459    1320    54
3 nl 0.00477928    0.0277546    1344    55
3 nl 0.00477928    0.0277546    1368    56
3 nl 0.00477928    0.0277546    1392    57
3 nl 0.00477928    0.0277546    1416    58
3 nl 0.00477928    0.0277546    1440    59
---------------------------------------
3 nl 0.00477928    0.0277546    1464    60
3 nl 0.00477928    0.027748    1488    61
3 nl 0.00477928    0.027748    1512    62
3 nl 0.00477928    0.027748    1536    63
3 nl 0.00477928    0.027748    1560    64
3 nl 0.00477928    0.027748    1584    65
3 nl 0.00477928    0.0276655    1608    66
3 nl 0.00477928    0.027567    1632    67
3 nl 0.00477928    0.027567    1656    68
3 nl 0.00477928    0.027567    1680    69
---------------------------------------
3 nl 0.00477928    0.027567    1704    70
3 nl 0.00477928    0.027567    1728    71
3 nl 0.00477928    0.027567    1752    72
3 nl 0.00477928    0.027567    1776    73
3 nl 0.00477928    0.027567    1800    74
3 nl 0.00477928    0.027567    1824    75
3 nl 0.00477928    0.027567    1848    76
3 nl 0.00477928    0.0271779    1872    77
3 nl 0.00477928    0.0271779    1896    78
3 nl 0.00477928    0.0271137    1920    79
---------------------------------------
3 nl 0.00477928    0.0271137    1944    80
3 nl 0.00477928    0.0271137    1968    81
3 nl 0.00477928    0.0271137    1992    82
3 nl 0.00477928    0.0271137    2016    83
3 nl 0.00477928    0.0268672    2040    84
3 nl 0.00477928    0.0268672    2064    85
3 nl 0.00477928    0.0268672    2088    86
3 nl 0.00477928    0.0268672    2112    87
3 nl 0.00477928    0.0268672    2136    88
3 nl 0.00477928    0.0268672    2160    89
---------------------------------------
3 nl 0.00477928    0.0268672    2184    90
3 nl 0.00477928    0.0268672    2208    91
3 nl 0.00477928    0.0268672    2232    92
3 nl 0.00477928    0.0267535    2256    93
3 nl 0.00477928    0.0267535    2280    94
3 nl 0.00477928    0.0267535    2304    95
3 nl 0.00477928    0.0267333    2328    96
3 nl 0.00477928    0.0267333    2352    97
3 nl 0.00477928    0.0267333    2376    98
3 nl 0.00477928    0.0267333    2400    99
---------------------------------------

 ------------------------------ 3  121200  RMSE:  0.00469534  0.0048899 NMSE:  0.000129353 0.000142868
3 nl 0.00469534    0.0828291    24    0
3 nl 0.00469534    0.0828291    48    1
3 nl 0.00469534    0.0784352    72    2
3 nl 0.00469534    0.0784352    96    3
3 nl 0.00469534    0.0775645    120    4
3 nl 0.00469534    0.0759991    144    5
3 nl 0.00469534    0.0759991    168    6
3 nl 0.00469534    0.07251    192    7
3 nl 0.00469534    0.07251    216    8
3 nl 0.00469534    0.0700965    240    9
---------------------------------------
3 nl 0.00469534    0.0690368    264    10
3 nl 0.00469534    0.0644117    288    11
3 nl 0.00469534    0.0611805    312    12
3 nl 0.00469534    0.0568747    336    13
3 nl 0.00469534    0.0568747    360    14
3 nl 0.00469534    0.0568747    384    15
3 nl 0.00469534    0.0568747    408    16
3 nl 0.00469534    0.0555856    432    17
3 nl 0.00469534    0.0555856    456    18
3 nl 0.00469534    0.049762    480    19
---------------------------------------
3 nl 0.00469534    0.049762    504    20
3 nl 0.00469534    0.0460377    528    21
3 nl 0.00469534    0.0445461    552    22
3 nl 0.00469534    0.0413166    576    23
3 nl 0.00469534    0.0413166    600    24
3 nl 0.00469534    0.0413166    624    25
3 nl 0.00469534    0.0370685    648    26
3 nl 0.00469534    0.0370685    672    27
3 nl 0.00469534    0.0370685    696    28
3 nl 0.00469534    0.0349305    720    29
---------------------------------------
3 nl 0.00469534    0.0323516    744    30
3 nl 0.00469534    0.0323516    768    31
3 nl 0.00469534    0.0303935    792    32
3 nl 0.00469534    0.0303935    816    33
3 nl 0.00469534    0.0300827    840    34
3 nl 0.00469534    0.0300827    864    35
3 nl 0.00469534    0.0300827    888    36
3 nl 0.00469534    0.0296266    912    37
3 nl 0.00469534    0.0296266    936    38
3 nl 0.00469534    0.0296266    960    39
---------------------------------------
3 nl 0.00469534    0.0296266    984    40
3 nl 0.00469534    0.0296266    1008    41
3 nl 0.00469534    0.0296266    1032    42
3 nl 0.00469534    0.0296266    1056    43
3 nl 0.00469534    0.0296266    1080    44
3 nl 0.00469534    0.0279571    1104    45
3 nl 0.00469534    0.0279571    1128    46
3 nl 0.00469534    0.0279571    1152    47
3 nl 0.00469534    0.0279571    1176    48
3 nl 0.00469534    0.0279571    1200    49
---------------------------------------
3 nl 0.00469534    0.0279571    1224    50
3 nl 0.00469534    0.0279571    1248    51
3 nl 0.00469534    0.0279571    1272    52
3 nl 0.00469534    0.0279123    1296    53
3 nl 0.00469534    0.0279123    1320    54
3 nl 0.00469534    0.0279123    1344    55
3 nl 0.00469534    0.0279123    1368    56
3 nl 0.00469534    0.0279123    1392    57
3 nl 0.00469534    0.0279123    1416    58
3 nl 0.00469534    0.0279123    1440    59
---------------------------------------
3 nl 0.00469534    0.0277348    1464    60
3 nl 0.00469534    0.0277348    1488    61
3 nl 0.00469534    0.0277348    1512    62
3 nl 0.00469534    0.0277348    1536    63
3 nl 0.00469534    0.0277348    1560    64
3 nl 0.00469534    0.0276463    1584    65
3 nl 0.00469534    0.0276463    1608    66
3 nl 0.00469534    0.0276463    1632    67
3 nl 0.00469534    0.0276463    1656    68
3 nl 0.00469534    0.0276463    1680    69
---------------------------------------
3 nl 0.00469534    0.0276463    1704    70
3 nl 0.00469534    0.0269563    1728    71
3 nl 0.00469534    0.0269563    1752    72
3 nl 0.00469534    0.0269563    1776    73
3 nl 0.00469534    0.0269563    1800    74
3 nl 0.00469534    0.0269563    1824    75
3 nl 0.00469534    0.0269563    1848    76
3 nl 0.00469534    0.0269563    1872    77
3 nl 0.00469534    0.0260251    1896    78
3 nl 0.00469534    0.0260251    1920    79
---------------------------------------
3 nl 0.00469534    0.0260251    1944    80
3 nl 0.00469534    0.0260251    1968    81
3 nl 0.00469534    0.0260251    1992    82
3 nl 0.00469534    0.0260251    2016    83
3 nl 0.00469534    0.0260251    2040    84
3 nl 0.00469534    0.0260251    2064    85
3 nl 0.00469534    0.0260251    2088    86
3 nl 0.00469534    0.0257209    2112    87
3 nl 0.00469534    0.0257209    2136    88
3 nl 0.00469534    0.0257209    2160    89
---------------------------------------
3 nl 0.00469534    0.0251893    2184    90
3 nl 0.00469534    0.0251893    2208    91
3 nl 0.00469534    0.0251893    2232    92
3 nl 0.00469534    0.0251893    2256    93
3 nl 0.00469534    0.0250346    2280    94
3 nl 0.00469534    0.0250346    2304    95
3 nl 0.00469534    0.0250346    2328    96
3 nl 0.00469534    0.0250346    2352    97
3 nl 0.00469534    0.0250346    2376    98
3 nl 0.00469534    0.0250346    2400    99
---------------------------------------

 ------------------------------ 3  121200  RMSE:  0.00478975  0.00503831 NMSE:  0.000134607 0.000151672
3 nl 0.00478975    0.0704387    24    0
3 nl 0.00478975    0.0678403    48    1
3 nl 0.00478975    0.0655545    72    2
3 nl 0.00478975    0.0655545    96    3
3 nl 0.00478975    0.0655545    120    4
3 nl 0.00478975    0.0655545    144    5
3 nl 0.00478975    0.0655545    168    6
3 nl 0.00478975    0.0626431    192    7
3 nl 0.00478975    0.0626431    216    8
3 nl 0.00478975    0.0626431    240    9
---------------------------------------
3 nl 0.00478975    0.0597879    264    10
3 nl 0.00478975    0.0589866    288    11
3 nl 0.00478975    0.0589866    312    12
3 nl 0.00478975    0.058375    336    13
3 nl 0.00478975    0.0554913    360    14
3 nl 0.00478975    0.0554913    384    15
3 nl 0.00478975    0.0514638    408    16
3 nl 0.00478975    0.0514638    432    17
3 nl 0.00478975    0.050086    456    18
3 nl 0.00478975    0.045105    480    19
---------------------------------------
3 nl 0.00478975    0.045105    504    20
3 nl 0.00478975    0.045105    528    21
3 nl 0.00478975    0.0447843    552    22
3 nl 0.00478975    0.0404713    576    23
3 nl 0.00478975    0.0392508    600    24
3 nl 0.00478975    0.0374807    624    25
3 nl 0.00478975    0.0334462    648    26
3 nl 0.00478975    0.0324296    672    27
3 nl 0.00478975    0.0312243    696    28
3 nl 0.00478975    0.0312243    720    29
---------------------------------------
3 nl 0.00478975    0.0312243    744    30
3 nl 0.00478975    0.0312243    768    31
3 nl 0.00478975    0.0312243    792    32
3 nl 0.00478975    0.0305052    816    33
3 nl 0.00478975    0.0305052    840    34
3 nl 0.00478975    0.0305052    864    35
3 nl 0.00478975    0.0305052    888    36
3 nl 0.00478975    0.0305052    912    37
3 nl 0.00478975    0.0305052    936    38
3 nl 0.00478975    0.0305052    960    39
---------------------------------------
3 nl 0.00478975    0.0305052    984    40
3 nl 0.00478975    0.0305052    1008    41
3 nl 0.00478975    0.0305052    1032    42
3 nl 0.00478975    0.0305052    1056    43
3 nl 0.00478975    0.0303381    1080    44
3 nl 0.00478975    0.0303381    1104    45
3 nl 0.00478975    0.0303381    1128    46
3 nl 0.00478975    0.0303381    1152    47
3 nl 0.00478975    0.0303381    1176    48
3 nl 0.00478975    0.0302979    1200    49
---------------------------------------
3 nl 0.00478975    0.0302979    1224    50
3 nl 0.00478975    0.0302979    1248    51
3 nl 0.00478975    0.0297148    1272    52
3 nl 0.00478975    0.0297148    1296    53
3 nl 0.00478975    0.029642    1320    54
3 nl 0.00478975    0.029642    1344    55
3 nl 0.00478975    0.0291921    1368    56
3 nl 0.00478975    0.0291921    1392    57
3 nl 0.00478975    0.0291921    1416    58
3 nl 0.00478975    0.0291921    1440    59
---------------------------------------
3 nl 0.00478975    0.0291921    1464    60
3 nl 0.00478975    0.0291921    1488    61
3 nl 0.00478975    0.0291921    1512    62
3 nl 0.00478975    0.0291921    1536    63
3 nl 0.00478975    0.0291921    1560    64
3 nl 0.00478975    0.0288125    1584    65
3 nl 0.00478975    0.0288125    1608    66
3 nl 0.00478975    0.0288125    1632    67
3 nl 0.00478975    0.0288125    1656    68
3 nl 0.00478975    0.0288125    1680    69
---------------------------------------
3 nl 0.00478975    0.0288125    1704    70
3 nl 0.00478975    0.0283958    1728    71
3 nl 0.00478975    0.0283958    1752    72
3 nl 0.00478975    0.0283958    1776    73
3 nl 0.00478975    0.0283958    1800    74
3 nl 0.00478975    0.0283958    1824    75
3 nl 0.00478975    0.0283958    1848    76
3 nl 0.00478975    0.0283958    1872    77
3 nl 0.00478975    0.0283958    1896    78
3 nl 0.00478975    0.0280092    1920    79
---------------------------------------
3 nl 0.00478975    0.0280092    1944    80
3 nl 0.00478975    0.0280092    1968    81
3 nl 0.00478975    0.0280092    1992    82
3 nl 0.00478975    0.0280092    2016    83
3 nl 0.00478975    0.0280092    2040    84
3 nl 0.00478975    0.0270522    2064    85
3 nl 0.00478975    0.0270522    2088    86
3 nl 0.00478975    0.0270522    2112    87
3 nl 0.00478975    0.0270522    2136    88
3 nl 0.00478975    0.0270522    2160    89
---------------------------------------
3 nl 0.00478975    0.0262252    2184    90
3 nl 0.00478975    0.0262252    2208    91
3 nl 0.00478975    0.0262252    2232    92
3 nl 0.00478975    0.0262252    2256    93
3 nl 0.00478975    0.0262252    2280    94
3 nl 0.00478975    0.0257214    2304    95
3 nl 0.00478975    0.0257214    2328    96
3 nl 0.00478975    0.0257214    2352    97
3 nl 0.00478975    0.0256789    2376    98
3 nl 0.00478975    0.0256789    2400    99
---------------------------------------

 ------------------------------ 3  121200  RMSE:  0.0046554  0.00483895 NMSE:  0.000127162 0.000139906
3 nl 0.0046554    0.0808853    24    0
3 nl 0.0046554    0.0797738    48    1
3 nl 0.0046554    0.0797738    72    2
3 nl 0.0046554    0.0797738    96    3
3 nl 0.0046554    0.0797738    120    4
3 nl 0.0046554    0.0795456    144    5
3 nl 0.0046554    0.0790896    168    6
3 nl 0.0046554    0.0790896    192    7
3 nl 0.0046554    0.0790896    216    8
3 nl 0.0046554    0.0790896    240    9
---------------------------------------
3 nl 0.0046554    0.0760943    264    10
3 nl 0.0046554    0.0707322    288    11
3 nl 0.0046554    0.0707322    312    12
3 nl 0.0046554    0.0650234    336    13
3 nl 0.0046554    0.0650234    360    14
3 nl 0.0046554    0.0650234    384    15
3 nl 0.0046554    0.0591497    408    16
3 nl 0.0046554    0.0573413    432    17
3 nl 0.0046554    0.0557335    456    18
3 nl 0.0046554    0.0554414    480    19
---------------------------------------
3 nl 0.0046554    0.0537468    504    20
3 nl 0.0046554    0.0537468    528    21
3 nl 0.0046554    0.0528521    552    22
3 nl 0.0046554    0.0528521    576    23
3 nl 0.0046554    0.0528521    600    24
3 nl 0.0046554    0.0496872    624    25
3 nl 0.0046554    0.0496872    648    26
3 nl 0.0046554    0.0496872    672    27
3 nl 0.0046554    0.042791    696    28
3 nl 0.0046554    0.042791    720    29
---------------------------------------
3 nl 0.0046554    0.0394401    744    30
3 nl 0.0046554    0.035636    768    31
3 nl 0.0046554    0.035636    792    32
3 nl 0.0046554    0.035636    816    33
3 nl 0.0046554    0.035636    840    34
3 nl 0.0046554    0.0338124    864    35
3 nl 0.0046554    0.0323252    888    36
3 nl 0.0046554    0.0323252    912    37
3 nl 0.0046554    0.0323252    936    38
3 nl 0.0046554    0.0323252    960    39
---------------------------------------
3 nl 0.0046554    0.0310931    984    40
3 nl 0.0046554    0.0310931    1008    41
3 nl 0.0046554    0.0310931    1032    42
3 nl 0.0046554    0.0310931    1056    43
3 nl 0.0046554    0.0310931    1080    44
3 nl 0.0046554    0.0310931    1104    45
3 nl 0.0046554    0.0310931    1128    46
3 nl 0.0046554    0.0298469    1152    47
3 nl 0.0046554    0.0298469    1176    48
3 nl 0.0046554    0.0298469    1200    49
---------------------------------------
3 nl 0.0046554    0.0298469    1224    50
3 nl 0.0046554    0.0295539    1248    51
3 nl 0.0046554    0.0295539    1272    52
3 nl 0.0046554    0.0295539    1296    53
3 nl 0.0046554    0.0295539    1320    54
3 nl 0.0046554    0.0292574    1344    55
3 nl 0.0046554    0.0292574    1368    56
3 nl 0.0046554    0.0287994    1392    57
3 nl 0.0046554    0.0287994    1416    58
3 nl 0.0046554    0.0287994    1440    59
---------------------------------------
3 nl 0.0046554    0.0287994    1464    60
3 nl 0.0046554    0.0287994    1488    61
3 nl 0.0046554    0.0287994    1512    62
3 nl 0.0046554    0.0285306    1536    63
3 nl 0.0046554    0.0285306    1560    64
3 nl 0.0046554    0.0285306    1584    65
3 nl 0.0046554    0.0285306    1608    66
3 nl 0.0046554    0.0285306    1632    67
3 nl 0.0046554    0.0285235    1656    68
3 nl 0.0046554    0.0285235    1680    69
---------------------------------------
3 nl 0.0046554    0.0276014    1704    70
3 nl 0.0046554    0.0276014    1728    71
3 nl 0.0046554    0.0276014    1752    72
3 nl 0.0046554    0.0276014    1776    73
3 nl 0.0046554    0.0276014    1800    74
3 nl 0.0046554    0.0276014    1824    75
3 nl 0.0046554    0.0276014    1848    76
3 nl 0.0046554    0.0276014    1872    77
3 nl 0.0046554    0.0276014    1896    78
3 nl 0.0046554    0.0276014    1920    79
---------------------------------------
3 nl 0.0046554    0.0276014    1944    80
3 nl 0.0046554    0.0276014    1968    81
3 nl 0.0046554    0.0267618    1992    82
3 nl 0.0046554    0.0267618    2016    83
3 nl 0.0046554    0.0267618    2040    84
3 nl 0.0046554    0.0267618    2064    85
3 nl 0.0046554    0.0267618    2088    86
3 nl 0.0046554    0.0261125    2112    87
3 nl 0.0046554    0.0261125    2136    88
3 nl 0.0046554    0.0260927    2160    89
---------------------------------------
3 nl 0.0046554    0.0260036    2184    90
3 nl 0.0046554    0.0260036    2208    91
3 nl 0.0046554    0.0260036    2232    92
3 nl 0.0046554    0.0260036    2256    93
3 nl 0.0046554    0.0260036    2280    94
3 nl 0.0046554    0.0257329    2304    95
3 nl 0.0046554    0.025684    2328    96
3 nl 0.0046554    0.025684    2352    97
3 nl 0.0046554    0.025684    2376    98
3 nl 0.0046554    0.025684    2400    99
---------------------------------------

 ------------------------------ 3  121200  RMSE:  0.00465124  0.00478482 NMSE:  0.000126935 0.000136794
3 nl 0.00465124    0.0815226    24    0
3 nl 0.00465124    0.0806302    48    1
3 nl 0.00465124    0.0794802    72    2
3 nl 0.00465124    0.0794802    96    3
3 nl 0.00465124    0.0794802    120    4
3 nl 0.00465124    0.075884    144    5
3 nl 0.00465124    0.075884    168    6
3 nl 0.00465124    0.0733964    192    7
3 nl 0.00465124    0.0719012    216    8
3 nl 0.00465124    0.0625015    240    9
---------------------------------------
3 nl 0.00465124    0.0565884    264    10
3 nl 0.00465124    0.0565884    288    11
3 nl 0.00465124    0.0510718    312    12
3 nl 0.00465124    0.0510718    336    13
3 nl 0.00465124    0.0384788    360    14
3 nl 0.00465124    0.0359118    384    15
3 nl 0.00465124    0.0359118    408    16
3 nl 0.00465124    0.0312979    432    17
3 nl 0.00465124    0.0312979    456    18
3 nl 0.00465124    0.0285613    480    19
---------------------------------------
3 nl 0.00465124    0.0285613    504    20
3 nl 0.00465124    0.0285613    528    21
3 nl 0.00465124    0.0285613    552    22
3 nl 0.00465124    0.0285613    576    23
3 nl 0.00465124    0.0285613    600    24
3 nl 0.00465124    0.0285613    624    25
3 nl 0.00465124    0.0285613    648    26
3 nl 0.00465124    0.0285613    672    27
3 nl 0.00465124    0.0285613    696    28
3 nl 0.00465124    0.0285613    720    29
---------------------------------------
3 nl 0.00465124    0.0285613    744    30
3 nl 0.00465124    0.0284755    768    31
3 nl 0.00465124    0.0284755    792    32
3 nl 0.00465124    0.0284755    816    33
3 nl 0.00465124    0.027242    840    34
3 nl 0.00465124    0.027242    864    35
3 nl 0.00465124    0.027242    888    36
3 nl 0.00465124    0.027242    912    37
3 nl 0.00465124    0.027242    936    38
3 nl 0.00465124    0.027242    960    39
---------------------------------------
3 nl 0.00465124    0.027242    984    40
3 nl 0.00465124    0.027242    1008    41
3 nl 0.00465124    0.027242    1032    42
3 nl 0.00465124    0.027242    1056    43
3 nl 0.00465124    0.0269821    1080    44
3 nl 0.00465124    0.0269821    1104    45
3 nl 0.00465124    0.0269821    1128    46
3 nl 0.00465124    0.0269821    1152    47
3 nl 0.00465124    0.0269821    1176    48
3 nl 0.00465124    0.0269821    1200    49
---------------------------------------
3 nl 0.00465124    0.0269821    1224    50
3 nl 0.00465124    0.0269821    1248    51
3 nl 0.00465124    0.0269821    1272    52
3 nl 0.00465124    0.0269821    1296    53
3 nl 0.00465124    0.0269821    1320    54
3 nl 0.00465124    0.0269413    1344    55
3 nl 0.00465124    0.0269413    1368    56
3 nl 0.00465124    0.0269413    1392    57
3 nl 0.00465124    0.0266534    1416    58
3 nl 0.00465124    0.0266534    1440    59
---------------------------------------
3 nl 0.00465124    0.0266534    1464    60
3 nl 0.00465124    0.0266534    1488    61
3 nl 0.00465124    0.0266534    1512    62
3 nl 0.00465124    0.0266534    1536    63
3 nl 0.00465124    0.0266534    1560    64
3 nl 0.00465124    0.0266534    1584    65
3 nl 0.00465124    0.0266534    1608    66
3 nl 0.00465124    0.0266534    1632    67
3 nl 0.00465124    0.0266534    1656    68
3 nl 0.00465124    0.0265157    1680    69
---------------------------------------
3 nl 0.00465124    0.0265157    1704    70
3 nl 0.00465124    0.0264731    1728    71
3 nl 0.00465124    0.0264731    1752    72
3 nl 0.00465124    0.0264731    1776    73
3 nl 0.00465124    0.0264731    1800    74
3 nl 0.00465124    0.0264027    1824    75
3 nl 0.00465124    0.0263987    1848    76
3 nl 0.00465124    0.0263987    1872    77
3 nl 0.00465124    0.0263987    1896    78
3 nl 0.00465124    0.0263987    1920    79
---------------------------------------
3 nl 0.00465124    0.0263987    1944    80
3 nl 0.00465124    0.0263987    1968    81
3 nl 0.00465124    0.0263987    1992    82
3 nl 0.00465124    0.025826    2016    83
3 nl 0.00465124    0.0252665    2040    84
3 nl 0.00465124    0.0252489    2064    85
3 nl 0.00465124    0.0252489    2088    86
3 nl 0.00465124    0.0251637    2112    87
3 nl 0.00465124    0.0251637    2136    88
3 nl 0.00465124    0.0251637    2160    89
---------------------------------------
3 nl 0.00465124    0.0251637    2184    90
3 nl 0.00465124    0.0251637    2208    91
3 nl 0.00465124    0.0251637    2232    92
3 nl 0.00465124    0.024589    2256    93
3 nl 0.00465124    0.024589    2280    94
3 nl 0.00465124    0.024589    2304    95
3 nl 0.00465124    0.024589    2328    96
3 nl 0.00465124    0.024589    2352    97
3 nl 0.00465124    0.024589    2376    98
3 nl 0.00465124    0.024589    2400    99
---------------------------------------

 ------------------------------ 3  121200  RMSE:  0.00485897  0.00506771 NMSE:  0.000138526 0.000153447
