0.860045 0.731377 0.778781 0.467269 0.485327 0.521445
0.670429 0.826185 0.814898 0.465011 0.460497 0.679458
0.873589 0.934537 0.835214 0.812641 0.835214 0.857788
0.519187 0.602709 0.620767 0.489842 0.51693 0.591422
0.823928 0.943567 0.485327 0.433409 0.564334 0.65237
0.523702 0.711061 0.817156 0.862302 0.595937 0.471783
0.485327 0.681716 0.75395 0.735892 0.501129 0.489842
0.677201 0.805869 0.740406 0.887133 0.575621 0.519187
0.44921 0.480813 0.469526 0.489842 0.537246 0.654628
0.534989 0.480813 0.643341 0.758465 0.781038 0.772009
0.609481 0.546275 0.44921 0.444695 0.485327 0.690745
0.677201 0.428894 0.442438 0.465011 0.532731 0.404063
0.390519 0.48307 0.544018 0.471783 0.679458 0.735892
0.480813 0.440181 0.44921 0.474041 0.573363 0.395034
0.460497 0.604966 0.582393 0.471783 0.437923 0.582393
0.593679 0.668172 0.683973 0.532731 0.641084 0.467269
0.544018 0.616253 0.523702 0.413093 0.555305 0.61851
0.460497 0.408578 0.568849 0.446953 0.474041 0.534989
0.442438 0.408578 0.469526 0.586907 0.41535 0.496614
0.325056 0.44921 0.510158 0.309255 0.358916 0.478555
0.534989 0.541761 0.388262 0.523702 0.568849 0.388262
0.361174 0.352144 0.302483 0.361174 0.379233 0.329571
0.437923 0.474041 0.440181 0.417607 0.300226 0.309255
0.322799 0.318284 0.257336 0.306998 0.374718 0.397291
0.329571 0.388262 0.325056 0.370203 0.390519 0.397291
0.388262 0.399549 0.320542 0.374718 0.354402 0.309255
0.331828 0.295711 0.291196 0.34763 0.268623 0.343115
0.345372 0.37246 0.363431 0.264108 0.252822 0.259594
0.243792 0.363431 0.334086 0.306998 0.311512 0.218962
0.241535 0.248307 0.345372 0.345372 0.383747 0.361174
0.367946 0.354402 0.327314 0.243792 0.23702 0.302483
0.275395 0.297968 0.293454 0.27991 0.295711 0.221219
0.23702 0.302483 0.248307 0.295711 0.3386 0.376975
0.363431 0.410835 0.354402 0.399549 0.358916 0.340858
0.343115 0.331828 0.300226 0.327314 0.250564 0.295711
0.309255 0.329571 0.291196 0.288939 0.343115 0.327314
0.388262 0.327314 0.325056 0.248307 0.295711 0.306998
0.329571 0.286682 0.306998 0.286682 0.349887 0.392777
0.343115 0.320542 0.399549 0.433409 0.282167 0.320542
0.345372 0.354402 0.383747 0.428894 0.295711 0.297968
0.297968 0.354402 0.318284 0.352144 0.349887 0.358916
0.340858 0.361174 0.437923 0.485327 0.534989 0.422122
0.537246 0.406321 0.365688 0.417607 0.465011 0.413093
0.507901 0.607223 0.437923 0.358916 0.462754 0.478555
0.440181 0.331828 0.397291 0.356659 0.399549 0.322799
0.379233 0.419865 0.494357 0.48307 0.469526 0.316027
0.383747 0.519187 0.595937 0.442438 0.512415 0.607223
0.331828 0.343115 0.446953 0.607223 0.455982 0.322799
0.334086 0.417607 0.489842 0.48307 0.492099 0.410835
0.356659 0.345372 0.417607 0.433409 0.643341 0.726862
0.492099 0.498871 0.467269 0.383747 0.557562 0.591422
0.654628 0.487585 0.386005 0.38149 0.431151 0.557562
0.573363 0.446953 0.410835 0.367946 0.383747 0.399549
0.349887 0.331828 0.356659 0.44921 0.460497 0.525959
0.455982 0.650113 0.704289 0.392777 0.417607 0.604966
0.774266 0.679458 0.462754 0.462754 0.446953 0.609481
0.474041 0.744921 0.510158 0.638826 0.476298 0.428894
0.390519 0.609481 0.681716 0.559819 0.404063 0.404063
0.467269 0.697517 0.817156 0.474041 0.455982 0.480813
0.546275 0.474041 0.467269 0.401806 0.442438 0.510158
0.462754 0.544018 0.501129 0.609481 0.758465 0.600451
0.465011 0.553047 0.446953 0.510158 0.659142 0.458239
0.519187 0.55079 0.857788 0.914221 0.546275 0.455982
0.492099 0.609481 0.794582 0.568849 0.738149 0.810384
0.878104 0.598194 0.492099 0.85553 0.977427 0.428894
0.444695 0.48307 0.722348 0.751693 0.501129 0.480813
0.469526 0.503386 0.507901 0.48307 0.519187 0.792325
0.909707 0.880361 0.476298 0.573363 0.532731 0.634312
0.835214 0.887133 0.889391 0.582393 0.625282 0.519187
0.541761 0.589165 0.492099 0.546275 0.503386 0.444695
0.469526 0.404063 0.453725 0.471783 0.478555 0.460497
0.654628 0.783296 0.767494 0.697517 0.668172 0.589165
0.417607 0.478555 0.505643 0.48307 0.688488 0.722348
0.738149 0.61851 0.426637 0.437923 0.501129 0.681716
0.717833 0.708804 0.417607 0.501129 0.620767 0.582393
0.568849 0.431151 0.442438 0.48307 0.467269 0.638826
0.519187 0.37246 0.424379 0.451467 0.465011 0.446953
0.458239 0.600451 0.485327 0.503386 0.598194 0.611738
0.677201 0.636569 0.390519 0.379233 0.395034 0.433409
0.458239 0.465011 0.534989 0.548533 0.595937 0.361174
0.327314 0.320542 0.37246 0.354402 0.361174 0.376975
0.446953 0.507901 0.51693 0.424379 0.354402 0.331828
0.345372 0.345372 0.406321 0.340858 0.340858 0.306998
0.345372 0.406321 0.419865 0.496614 0.498871 0.401806
0.343115 0.255079 0.30474 0.363431 0.361174 0.37246
0.376975 0.442438 0.440181 0.406321 0.41535 0.291196
0.336343 0.27991 0.268623 0.264108 0.291196 0.291196
0.27991 0.282167 0.354402 0.358916 0.322799 0.38149
0.316027 0.306998 0.309255 0.361174 0.295711 0.311512
0.302483 0.255079 0.239278 0.31377 0.286682 0.282167
0.255079 0.261851 0.316027 0.309255 0.343115 0.316027
0.257336 0.320542 0.343115 0.284424 0.230248 0.31377
0.309255 0.306998 0.297968 0.34763 0.291196 0.268623
0.300226 0.300226 0.23702 0.225734 0.248307 0.187359
0.241535 0.252822 0.264108 0.320542 0.327314 0.361174
0.376975 0.325056 0.383747 0.329571 0.261851 0.288939
0.316027 0.386005 0.34763 0.349887 0.340858 0.38149
0.320542 0.358916 0.410835 0.440181 0.440181 0.446953
0.352144 0.318284 0.383747 0.322799 0.295711 0.309255
0.410835 0.446953 0.503386 0.401806 0.3386 0.510158
0.534989 0.356659 0.3386 0.530474 0.580135 0.598194
0.340858 0.31377 0.462754 0.48307 0.336343 0.3386
0.426637 0.264108 0.349887 0.399549 0.248307 0.336343
0.295711 0.309255 0.34763 0.352144 0.539503 0.534989
0.548533 0.358916 0.30474 0.345372 0.435666 0.462754
0.507901 0.523702 0.367946 0.334086 0.309255 0.41535
0.277652 0.300226 0.365688 0.577878 0.544018 0.311512
0.358916 0.478555 0.489842 0.352144 0.30474 0.3386
0.478555 0.573363 0.428894 0.3386 0.370203 0.352144
0.309255 0.496614 0.392777 0.340858 0.329571 0.38149
0.358916 0.480813 0.670429 0.744921 0.512415 0.487585
0.683973 0.428894 0.329571 0.358916 0.460497 0.6614
0.760722 0.794582 0.860045 0.553047 0.593679 0.564334
0.404063 0.408578 0.525959 0.704289 0.740406 0.632054
0.444695 0.498871 0.367946 0.453725 0.489842 0.442438
0.69526 0.8307 0.860045 0.397291 0.478555 0.388262
0.467269 0.589165 0.778781 0.419865 0.453725 0.505643
0.431151 0.433409 0.632054 0.404063 0.408578 0.361174
0.417607 0.465011 0.744921 0.794582 0.541761 0.586907
0.632054 0.519187 0.428894 0.431151 0.406321 0.437923
0.733634 0.735892 0.408578 0.444695 0.632054 0.632054
0.537246 0.708804 0.496614 0.808126 0.519187 0.426637
0.573363 0.632054 0.433409 0.485327 0.650113 0.841986
0.555305 0.480813 0.404063 0.395034 0.422122 0.408578
0.444695 0.498871 0.442438 0.406321 0.44921 0.643341
0.519187 0.835214 0.428894 0.437923 0.790068 0.625282
0.539503 0.577878 0.625282 0.548533 0.871332 0.930023
0.496614 0.507901 0.503386 0.575621 0.826185 0.805869
0.975169 0.632054 0.575621 0.487585 0.492099 0.525959
0.774266 0.704289 0.970655 0.455982 0.458239 0.501129
0.541761 0.776524 0.742664 0.487585 0.598194 0.749436
0.871332 0.55079 0.638826 0.794582 0.647856 0.803612
0.839729 0.575621 0.711061 0.681716 0.654628 0.48307
0.643341 0.724605 0.530474 0.451467 0.474041 0.451467
0.492099 0.548533 0.697517 0.487585 0.501129 0.455982
0.462754 0.397291 0.419865 0.399549 0.406321 0.419865
0.419865 0.58465 0.446953 0.422122 0.404063 0.390519
0.408578 0.329571 0.318284 0.354402 0.361174 0.487585
0.48307 0.537246 0.489842 0.374718 0.376975 0.408578
0.327314 0.331828 0.370203 0.37246 0.512415 0.537246
0.555305 0.532731 0.446953 0.446953 0.406321 0.397291
0.428894 0.395034 0.383747 0.44921 0.417607 0.422122
0.401806 0.383747 0.397291 0.422122 0.383747 0.424379
0.395034 0.440181 0.374718 0.431151 0.478555 0.455982
0.404063 0.322799 0.361174 0.399549 0.419865 0.431151
0.309255 0.395034 0.363431 0.343115 0.390519 0.336343
0.41535 0.388262 0.275395 0.31377 0.316027 0.345372
0.3386 0.340858 0.374718 0.37246 0.363431 0.30474
0.293454 0.306998 0.266366 0.327314 0.316027 0.318284
0.30474 0.273138 0.268623 0.268623 0.320542 0.316027
0.404063 0.431151 0.340858 0.311512 0.309255 0.225734
0.232506 0.234763 0.27088 0.191874 0.325056 0.295711
0.316027 0.266366 0.31377 0.291196 0.248307 0.266366
0.241535 0.252822 0.232506 0.275395 0.27991 0.331828
0.340858 0.3386 0.316027 0.343115 0.320542 0.196388
0.248307 0.320542 0.343115 0.275395 0.293454 0.331828
0.388262 0.309255 0.334086 0.311512 0.309255 0.295711
0.286682 0.277652 0.27991 0.293454 0.30474 0.30474
0.331828 0.302483 0.358916 0.361174 0.345372 0.349887
0.410835 0.419865 0.417607 0.433409 0.320542 0.288939
0.295711 0.34763 0.390519 0.327314 0.440181 0.455982
0.367946 0.293454 0.300226 0.300226 0.428894 0.379233
0.433409 0.417607 0.428894 0.392777 0.345372 0.356659
0.422122 0.401806 0.37246 0.345372 0.297968 0.27088
0.316027 0.214447 0.293454 0.397291 0.442438 0.388262
0.390519 0.383747 0.367946 0.390519 0.458239 0.38149
0.30474 0.300226 0.467269 0.446953 0.469526 0.446953
0.440181 0.528217 0.320542 0.320542 0.374718 0.383747
0.352144 0.334086 0.388262 0.455982 0.376975 0.410835
0.408578 0.507901 0.528217 0.345372 0.309255 0.352144
0.426637 0.340858 0.374718 0.399549 0.519187 0.379233
0.480813 0.404063 0.532731 0.571106 0.327314 0.38149
0.367946 0.399549 0.406321 0.489842 0.503386 0.349887
0.376975 0.548533 0.530474 0.625282 0.406321 0.352144
0.428894 0.440181 0.453725 0.706546 0.352144 0.288939
0.311512 0.356659 0.370203 0.397291 0.636569 0.575621
0.512415 0.632054 0.383747 0.510158 0.553047 0.577878
0.620767 0.417607 0.410835 0.424379 0.401806 0.426637
0.541761 0.471783 0.379233 0.417607 0.465011 0.562077
0.634312 0.580135 0.433409 0.738149 0.480813 0.460497
0.462754 0.514673 0.79684 0.873589 0.48307 0.525959
0.496614 0.715576 0.528217 0.431151 0.440181 0.677201
0.731377 0.758465 0.677201 0.625282 0.634312 0.534989
0.465011 0.72912 0.704289 0.485327 0.519187 0.494357
0.519187 0.487585 0.613995 0.659142 0.722348 0.507901
0.539503 0.444695 0.440181 0.496614 0.498871 0.444695
0.437923 0.688488 0.643341 0.455982 0.428894 0.455982
0.510158 0.641084 0.419865 0.458239 0.428894 0.591422
0.677201 0.546275 0.528217 0.783296 0.460497 0.467269
0.451467 0.440181 0.713318 0.760722 0.530474 0.555305
0.765237 0.505643 0.548533 0.665914 0.715576 0.742664
0.462754 0.643341 0.616253 0.440181 0.48307 0.749436
0.790068 0.408578 0.388262 0.408578 0.440181 0.485327
0.659142 0.76298 0.469526 0.395034 0.474041 0.61851
0.478555 0.611738 0.514673 0.422122 0.428894 0.444695
0.647856 0.575621 0.41535 0.417607 0.532731 0.607223
0.632054 0.557562 0.485327 0.395034 0.363431 0.422122
0.553047 0.623025 0.392777 0.410835 0.444695 0.417607
0.399549 0.467269 0.478555 0.388262 0.485327 0.496614
0.523702 0.573363 0.555305 0.559819 0.564334 0.564334
0.410835 0.485327 0.365688 0.390519 0.349887 0.370203
0.442438 0.417607 0.37246 0.361174 0.399549 0.433409
0.379233 0.37246 0.507901 0.512415 0.530474 0.428894
0.349887 0.30474 0.316027 0.331828 0.352144 0.383747
0.406321 0.442438 0.386005 0.376975 0.38149 0.410835
0.437923 0.496614 0.489842 0.496614 0.501129 0.451467
0.37246 0.352144 0.3386 0.374718 0.422122 0.422122
0.408578 0.352144 0.453725 0.458239 0.343115 0.386005
0.367946 0.413093 0.413093 0.428894 0.451467 0.354402
0.336343 0.295711 0.306998 0.311512 0.3386 0.38149
0.413093 0.370203 0.316027 0.282167 0.288939 0.275395
0.320542 0.320542 0.349887 0.340858 0.325056 0.291196
0.243792 0.264108 0.300226 0.27991 0.302483 0.239278
0.158014 0.284424 0.297968 0.273138 0.232506 0.354402
0.264108 0.340858 0.356659 0.3386 0.261851 0.257336
0.225734 0.331828 0.306998 0.297968 0.248307 0.293454
0.27088 0.239278 0.300226 0.327314 0.30474 0.358916
0.288939 0.264108 0.293454 0.316027 0.361174 0.383747
0.367946 0.397291 0.440181 0.316027 0.395034 0.433409
0.417607 0.340858 0.34763 0.300226 0.295711 0.288939
0.27088 0.300226 0.291196 0.34763 0.302483 0.340858
0.331828 0.336343 0.379233 0.356659 0.383747 0.318284
0.37246 0.27991 0.286682 0.329571 0.397291 0.442438
0.390519 0.404063 0.401806 0.293454 0.297968 0.386005
0.442438 0.367946 0.38149 0.501129 0.27088 0.320542
0.379233 0.38149 0.496614 0.370203 0.320542 0.266366
0.343115 0.284424 0.297968 0.325056 0.3386 0.37246
0.300226 0.327314 0.376975 0.311512 0.27991 0.309255
0.44921 0.541761 0.422122 0.426637 0.455982 0.44921
0.541761 0.616253 0.546275 0.406321 0.480813 0.600451
0.417607 0.410835 0.474041 0.27088 0.275395 0.318284
0.37246 0.349887 0.3386 0.469526 0.616253 0.641084
0.426637 0.410835 0.575621 0.358916 0.349887 0.48307
0.523702 0.604966 0.539503 0.431151 0.343115 0.336343
0.480813 0.573363 0.647856 0.72912 0.580135 0.428894
0.437923 0.3386 0.37246 0.367946 0.65237 0.61851
0.742664 0.609481 0.534989 0.514673 0.37246 0.316027
0.406321 0.636569 0.740406 0.632054 0.501129 0.492099
0.422122 0.575621 0.623025 0.37246 0.358916 0.379233
0.404063 0.521445 0.514673 0.546275 0.625282 0.480813
0.530474 0.404063 0.546275 0.451467 0.534989 0.609481
0.555305 0.564334 0.451467 0.512415 0.510158 0.659142
0.62754 0.598194 0.426637 0.523702 0.546275 0.634312
0.683973 0.577878 0.467269 0.442438 0.489842 0.632054
0.480813 0.48307 0.48307 0.510158 0.489842 0.492099
0.446953 0.68623 0.812641 0.952596 0.476298 0.451467
0.41535 0.431151 0.435666 0.424379 0.514673 0.451467
0.494357 0.453725 0.523702 0.778781 0.498871 0.487585
0.677201 0.767494 0.501129 0.442438 0.573363 0.837472
0.681716 0.656885 0.476298 0.431151 0.501129 0.55079
0.458239 0.632054 0.726862 0.528217 0.48307 0.756208
0.419865 0.433409 0.476298 0.665914 0.580135 0.731377
0.643341 0.465011 0.568849 0.469526 0.395034 0.453725
0.505643 0.541761 0.474041 0.604966 0.399549 0.433409
0.431151 0.595937 0.670429 0.681716 0.744921 0.751693
0.744921 0.814898 0.767494 0.783296 0.460497 0.437923
0.480813 0.604966 0.643341 0.577878 0.645598 0.733634
0.422122 0.523702 0.534989 0.613995 0.530474 0.428894
0.510158 0.679458 0.525959 0.444695 0.503386 0.487585
0.530474 0.510158 0.541761 0.51693 0.505643 0.650113
0.677201 0.731377 0.76298 0.604966 0.419865 0.383747
0.345372 0.345372 0.379233 0.361174 0.374718 0.388262
0.485327 0.444695 0.446953 0.478555 0.534989 0.539503
0.577878 0.557562 0.455982 0.530474 0.501129 0.553047
0.575621 0.424379 0.406321 0.336343 0.413093 0.433409
0.426637 0.433409 0.485327 0.406321 0.295711 0.336343
0.343115 0.30474 0.343115 0.320542 0.329571 0.361174
0.340858 0.352144 0.395034 0.424379 0.460497 0.458239
0.431151 0.336343 0.329571 0.309255 0.293454 0.302483
0.286682 0.320542 0.309255 0.286682 0.318284 0.288939
0.386005 0.316027 0.327314 0.354402 0.318284 0.309255
0.300226 0.302483 0.268623 0.306998 0.300226 0.275395
0.243792 0.293454 0.318284 0.325056 0.300226 0.354402
0.352144 0.435666 0.367946 0.437923 0.399549 0.38149
0.325056 0.322799 0.293454 0.277652 0.288939 0.286682
0.243792 0.329571 0.300226 0.286682 0.291196 0.354402
0.257336 0.27088 0.275395 0.266366 0.295711 0.349887
0.255079 0.27088 0.288939 0.261851 0.27991 0.284424
0.392777 0.302483 0.255079 0.273138 0.286682 0.282167
0.297968 0.386005 0.358916 0.3386 0.297968 0.284424
0.266366 0.27088 0.316027 0.309255 0.363431 0.446953
0.354402 0.297968 0.306998 0.30474 0.264108 0.257336
0.34763 0.392777 0.345372 0.376975 0.37246 0.345372
0.424379 0.345372 0.352144 0.422122 0.392777 0.284424
0.291196 0.30474 0.306998 0.309255 0.340858 0.322799
0.480813 0.485327 0.523702 0.345372 0.431151 0.345372
0.334086 0.352144 0.329571 0.331828 0.309255 0.306998
0.30474 0.329571 0.352144 0.467269 0.566591 0.444695
0.282167 0.318284 0.300226 0.331828 0.462754 0.492099
0.365688 0.582393 0.600451 0.437923 0.476298 0.455982
0.471783 0.408578 0.593679 0.433409 0.363431 0.404063
0.476298 0.580135 0.534989 0.444695 0.379233 0.322799
0.320542 0.462754 0.501129 0.34763 0.388262 0.406321
0.462754 0.537246 0.544018 0.582393 0.437923 0.413093
0.503386 0.392777 0.455982 0.620767 0.539503 0.514673
0.512415 0.485327 0.494357 0.683973 0.399549 0.604966
0.638826 0.546275 0.410835 0.492099 0.401806 0.363431
0.422122 0.386005 0.354402 0.469526 0.591422 0.591422
0.480813 0.462754 0.467269 0.44921 0.431151 0.489842
0.577878 0.528217 0.600451 0.530474 0.564334 0.582393
0.634312 0.62754 0.523702 0.474041 0.476298 0.413093
0.442438 0.501129 0.690745 0.521445 0.41535 0.505643
0.697517 0.568849 0.48307 0.460497 0.422122 0.496614
0.600451 0.460497 0.417607 0.507901 0.738149 0.62754
0.428894 0.474041 0.417607 0.501129 0.525959 0.446953
0.557562 0.731377 0.451467 0.410835 0.460497 0.575621
0.55079 0.485327 0.731377 0.613995 0.431151 0.444695
0.480813 0.458239 0.474041 0.510158 0.485327 0.546275
0.564334 0.465011 0.442438 0.451467 0.665914 0.801354
0.476298 0.534989 0.760722 0.492099 0.478555 0.534989
0.595937 0.492099 0.702032 0.86456 0.512415 0.485327
0.469526 0.677201 0.778781 0.823928 0.65237 0.613995
0.575621 0.503386 0.492099 0.505643 0.444695 0.437923
0.417607 0.541761 0.582393 0.575621 0.600451 0.778781
0.476298 0.460497 0.562077 0.494357 0.575621 0.857788
0.82167 0.428894 0.41535 0.399549 0.480813 0.580135
0.688488 0.735892 0.519187 0.462754 0.492099 0.595937
0.582393 0.828442 0.613995 0.625282 0.460497 0.424379
0.510158 0.738149 0.514673 0.55079 0.735892 0.656885
0.413093 0.442438 0.645598 0.604966 0.693002 0.379233
0.363431 0.410835 0.435666 0.446953 0.604966 0.395034
0.410835 0.562077 0.616253 0.559819 0.406321 0.379233
0.329571 0.422122 0.424379 0.440181 0.476298 0.451467
0.417607 0.383747 0.365688 0.376975 0.336343 0.349887
0.345372 0.354402 0.390519 0.386005 0.365688 0.34763
0.3386 0.428894 0.444695 0.444695 0.340858 0.370203
0.489842 0.440181 0.388262 0.370203 0.406321 0.440181
0.365688 0.361174 0.325056 0.34763 0.410835 0.311512
0.363431 0.309255 0.379233 0.358916 0.376975 0.329571
0.343115 0.316027 0.318284 0.361174 0.376975 0.343115
0.300226 0.316027 0.358916 0.327314 0.320542 0.293454
0.309255 0.331828 0.329571 0.31377 0.320542 0.379233
0.331828 0.273138 0.230248 0.243792 0.268623 0.266366
0.27088 0.286682 0.306998 0.293454 0.295711 0.250564
0.288939 0.300226 0.264108 0.322799 0.34763 0.320542
0.293454 0.295711 0.27991 0.252822 0.207675 0.27991
0.286682 0.309255 0.286682 0.3386 0.370203 0.316027
0.297968 0.306998 0.34763 0.311512 0.3386 0.327314
0.334086 0.316027 0.185102 0.225734 0.252822 0.300226
0.309255 0.3386 0.282167 0.345372 0.370203 0.397291
0.3386 0.334086 0.311512 0.334086 0.374718 0.390519
0.275395 0.273138 0.31377 0.379233 0.379233 0.327314
0.340858 0.311512 0.293454 0.327314 0.406321 0.455982
0.474041 0.37246 0.275395 0.3386 0.354402 0.399549
0.426637 0.336343 0.257336 0.34763 0.343115 0.397291
0.388262 0.487585 0.422122 0.31377 0.300226 0.329571
0.37246 0.399549 0.306998 0.343115 0.349887 0.37246
0.424379 0.306998 0.316027 0.311512 0.361174 0.435666
0.38149 0.322799 0.376975 0.480813 0.437923 0.422122
0.331828 0.365688 0.349887 0.528217 0.496614 0.376975
0.325056 0.370203 0.442438 0.413093 0.325056 0.334086
0.386005 0.343115 0.440181 0.476298 0.489842 0.329571
0.410835 0.401806 0.530474 0.469526 0.354402 0.363431
0.474041 0.3386 0.361174 0.361174 0.334086 0.329571
0.363431 0.487585 0.537246 0.609481 0.467269 0.444695
0.451467 0.650113 0.677201 0.747178 0.426637 0.367946
0.428894 0.413093 0.478555 0.37246 0.376975 0.440181
0.656885 0.444695 0.510158 0.467269 0.316027 0.349887
0.334086 0.433409 0.61851 0.417607 0.417607 0.711061
0.376975 0.354402 0.376975 0.496614 0.580135 0.659142
0.625282 0.663657 0.44921 0.62754 0.704289 0.514673
0.397291 0.437923 0.620767 0.41535 0.390519 0.395034
0.390519 0.494357 0.476298 0.404063 0.442438 0.532731
0.410835 0.451467 0.395034 0.426637 0.422122 0.65237
0.487585 0.467269 0.492099 0.494357 0.790068 0.586907
