3 nl 0.00485897    0.249889    24    0
3 nl 0.00485897    0.248391    48    1
3 nl 0.00485897    0.248391    72    2
3 nl 0.00485897    0.248391    96    3
3 nl 0.00485897    0.246443    120    4
3 nl 0.00485897    0.246443    144    5
3 nl 0.00485897    0.243165    168    6
3 nl 0.00485897    0.236605    192    7
3 nl 0.00485897    0.232412    216    8
3 nl 0.00485897    0.232412    240    9
---------------------------------------
3 nl 0.00485897    0.226503    264    10
3 nl 0.00485897    0.226503    288    11
3 nl 0.00485897    0.224965    312    12
3 nl 0.00485897    0.220031    336    13
3 nl 0.00485897    0.218708    360    14
3 nl 0.00485897    0.218708    384    15
3 nl 0.00485897    0.216445    408    16
3 nl 0.00485897    0.208756    432    17
3 nl 0.00485897    0.20685    456    18
3 nl 0.00485897    0.201406    480    19
---------------------------------------
3 nl 0.00485897    0.201406    504    20
3 nl 0.00485897    0.197933    528    21
3 nl 0.00485897    0.196037    552    22
3 nl 0.00485897    0.196037    576    23
3 nl 0.00485897    0.1887    600    24
3 nl 0.00485897    0.1887    624    25
3 nl 0.00485897    0.1887    648    26
3 nl 0.00485897    0.1887    672    27
3 nl 0.00485897    0.1887    696    28
3 nl 0.00485897    0.17619    720    29
---------------------------------------
3 nl 0.00485897    0.166174    744    30
3 nl 0.00485897    0.166174    768    31
3 nl 0.00485897    0.166174    792    32
3 nl 0.00485897    0.166174    816    33
3 nl 0.00485897    0.166174    840    34
3 nl 0.00485897    0.154012    864    35
3 nl 0.00485897    0.154012    888    36
3 nl 0.00485897    0.14641    912    37
3 nl 0.00485897    0.14641    936    38
3 nl 0.00485897    0.137562    960    39
---------------------------------------
3 nl 0.00485897    0.1365    984    40
3 nl 0.00485897    0.132023    1008    41
3 nl 0.00485897    0.132023    1032    42
3 nl 0.00485897    0.132023    1056    43
3 nl 0.00485897    0.128116    1080    44
3 nl 0.00485897    0.127169    1104    45
3 nl 0.00485897    0.127169    1128    46
3 nl 0.00485897    0.116158    1152    47
3 nl 0.00485897    0.112942    1176    48
3 nl 0.00485897    0.112942    1200    49
---------------------------------------
3 nl 0.00485897    0.108393    1224    50
3 nl 0.00485897    0.108393    1248    51
3 nl 0.00485897    0.108393    1272    52
3 nl 0.00485897    0.0991084    1296    53
3 nl 0.00485897    0.093479    1320    54
3 nl 0.00485897    0.093479    1344    55
3 nl 0.00485897    0.0904207    1368    56
3 nl 0.00485897    0.0904207    1392    57
3 nl 0.00485897    0.0852327    1416    58
3 nl 0.00485897    0.0852327    1440    59
---------------------------------------
3 nl 0.00485897    0.0850025    1464    60
3 nl 0.00485897    0.0850025    1488    61
3 nl 0.00485897    0.0845453    1512    62
3 nl 0.00485897    0.0832825    1536    63
3 nl 0.00485897    0.0832825    1560    64
3 nl 0.00485897    0.0794067    1584    65
3 nl 0.00485897    0.0789397    1608    66
3 nl 0.00485897    0.0787223    1632    67
3 nl 0.00485897    0.0787223    1656    68
3 nl 0.00485897    0.0787223    1680    69
---------------------------------------
3 nl 0.00485897    0.0786455    1704    70
3 nl 0.00485897    0.0754227    1728    71
3 nl 0.00485897    0.0736817    1752    72
3 nl 0.00485897    0.0731466    1776    73
3 nl 0.00485897    0.0712217    1800    74
3 nl 0.00485897    0.0712217    1824    75
3 nl 0.00485897    0.0712217    1848    76
3 nl 0.00485897    0.0712217    1872    77
3 nl 0.00485897    0.0712217    1896    78
3 nl 0.00485897    0.069561    1920    79
---------------------------------------
3 nl 0.00485897    0.0694179    1944    80
3 nl 0.00485897    0.0690962    1968    81
3 nl 0.00485897    0.0690962    1992    82
3 nl 0.00485897    0.0690962    2016    83
3 nl 0.00485897    0.0690962    2040    84
3 nl 0.00485897    0.0685862    2064    85
3 nl 0.00485897    0.0685862    2088    86
3 nl 0.00485897    0.0678198    2112    87
3 nl 0.00485897    0.0678198    2136    88
3 nl 0.00485897    0.0675335    2160    89
---------------------------------------
3 nl 0.00485897    0.0675335    2184    90
3 nl 0.00485897    0.0675335    2208    91
3 nl 0.00485897    0.0675335    2232    92
3 nl 0.00485897    0.0675335    2256    93
3 nl 0.00485897    0.0674144    2280    94
3 nl 0.00485897    0.0663886    2304    95
3 nl 0.00485897    0.0656579    2328    96
3 nl 0.00485897    0.0653768    2352    97
3 nl 0.00485897    0.0651217    2376    98
3 nl 0.00485897    0.0651217    2400    99
---------------------------------------

 ------------------------------ 3  121200  RMSE:  0.35164  0.346074 NMSE:  0.623391 0.625686
3 nl 0.35164    0.273535    24    0
3 nl 0.35164    0.273385    48    1
3 nl 0.35164    0.273385    72    2
3 nl 0.35164    0.273385    96    3
3 nl 0.35164    0.272082    120    4
3 nl 0.35164    0.270601    144    5
3 nl 0.35164    0.269088    168    6
3 nl 0.35164    0.269088    192    7
3 nl 0.35164    0.267178    216    8
3 nl 0.35164    0.266213    240    9
---------------------------------------
3 nl 0.35164    0.265165    264    10
3 nl 0.35164    0.261691    288    11
3 nl 0.35164    0.261691    312    12
3 nl 0.35164    0.261691    336    13
3 nl 0.35164    0.257193    360    14
3 nl 0.35164    0.255794    384    15
3 nl 0.35164    0.250227    408    16
3 nl 0.35164    0.239579    432    17
3 nl 0.35164    0.239579    456    18
3 nl 0.35164    0.237788    480    19
---------------------------------------
3 nl 0.35164    0.232493    504    20
3 nl 0.35164    0.225908    528    21
3 nl 0.35164    0.222019    552    22
3 nl 0.35164    0.219617    576    23
3 nl 0.35164    0.219617    600    24
3 nl 0.35164    0.20251    624    25
3 nl 0.35164    0.196466    648    26
3 nl 0.35164    0.194247    672    27
3 nl 0.35164    0.189184    696    28
3 nl 0.35164    0.182034    720    29
---------------------------------------
3 nl 0.35164    0.171107    744    30
3 nl 0.35164    0.162525    768    31
3 nl 0.35164    0.161041    792    32
3 nl 0.35164    0.161041    816    33
3 nl 0.35164    0.141618    840    34
3 nl 0.35164    0.141618    864    35
3 nl 0.35164    0.132489    888    36
3 nl 0.35164    0.132308    912    37
3 nl 0.35164    0.122265    936    38
3 nl 0.35164    0.114422    960    39
---------------------------------------
3 nl 0.35164    0.114326    984    40
3 nl 0.35164    0.107194    1008    41
3 nl 0.35164    0.10625    1032    42
3 nl 0.35164    0.100113    1056    43
3 nl 0.35164    0.0960841    1080    44
3 nl 0.35164    0.0960841    1104    45
3 nl 0.35164    0.0960841    1128    46
3 nl 0.35164    0.090935    1152    47
3 nl 0.35164    0.0905184    1176    48
3 nl 0.35164    0.0880867    1200    49
---------------------------------------
3 nl 0.35164    0.0844572    1224    50
3 nl 0.35164    0.0844572    1248    51
3 nl 0.35164    0.0803748    1272    52
3 nl 0.35164    0.0781006    1296    53
3 nl 0.35164    0.0763331    1320    54
3 nl 0.35164    0.0753573    1344    55
3 nl 0.35164    0.0753573    1368    56
3 nl 0.35164    0.0753573    1392    57
3 nl 0.35164    0.0735971    1416    58
3 nl 0.35164    0.0725919    1440    59
---------------------------------------
3 nl 0.35164    0.0711125    1464    60
3 nl 0.35164    0.0711125    1488    61
3 nl 0.35164    0.0711125    1512    62
3 nl 0.35164    0.0711125    1536    63
3 nl 0.35164    0.0711125    1560    64
3 nl 0.35164    0.0711125    1584    65
3 nl 0.35164    0.0697819    1608    66
3 nl 0.35164    0.0688513    1632    67
3 nl 0.35164    0.0688513    1656    68
3 nl 0.35164    0.0688513    1680    69
---------------------------------------
3 nl 0.35164    0.0688513    1704    70
3 nl 0.35164    0.0688513    1728    71
3 nl 0.35164    0.0688513    1752    72
3 nl 0.35164    0.0688513    1776    73
3 nl 0.35164    0.0682086    1800    74
3 nl 0.35164    0.0682086    1824    75
3 nl 0.35164    0.0662215    1848    76
3 nl 0.35164    0.0662215    1872    77
3 nl 0.35164    0.0662215    1896    78
3 nl 0.35164    0.0662215    1920    79
---------------------------------------
3 nl 0.35164    0.0662215    1944    80
3 nl 0.35164    0.0662215    1968    81
3 nl 0.35164    0.0662215    1992    82
3 nl 0.35164    0.0662215    2016    83
3 nl 0.35164    0.0662215    2040    84
3 nl 0.35164    0.0662215    2064    85
3 nl 0.35164    0.0662215    2088    86
3 nl 0.35164    0.0662215    2112    87
3 nl 0.35164    0.0662215    2136    88
3 nl 0.35164    0.0662215    2160    89
---------------------------------------
3 nl 0.35164    0.0662215    2184    90
3 nl 0.35164    0.0661759    2208    91
3 nl 0.35164    0.0661759    2232    92
3 nl 0.35164    0.0661759    2256    93
3 nl 0.35164    0.0661759    2280    94
3 nl 0.35164    0.0661759    2304    95
3 nl 0.35164    0.0642683    2328    96
3 nl 0.35164    0.0642683    2352    97
3 nl 0.35164    0.0638709    2376    98
3 nl 0.35164    0.0638709    2400    99
---------------------------------------

 ------------------------------ 3  121200  RMSE:  0.351167  0.345386 NMSE:  0.621715 0.623199
3 nl 0.351167    0.245932    24    0
3 nl 0.351167    0.244613    48    1
3 nl 0.351167    0.24332    72    2
3 nl 0.351167    0.24332    96    3
3 nl 0.351167    0.239922    120    4
3 nl 0.351167    0.239865    144    5
3 nl 0.351167    0.237361    168    6
3 nl 0.351167    0.236557    192    7
3 nl 0.351167    0.236304    216    8
3 nl 0.351167    0.23587    240    9
---------------------------------------
3 nl 0.351167    0.23119    264    10
3 nl 0.351167    0.23119    288    11
3 nl 0.351167    0.2284    312    12
3 nl 0.351167    0.224568    336    13
3 nl 0.351167    0.219292    360    14
3 nl 0.351167    0.219008    384    15
3 nl 0.351167    0.209375    408    16
3 nl 0.351167    0.198231    432    17
3 nl 0.351167    0.1877    456    18
3 nl 0.351167    0.187437    480    19
---------------------------------------
3 nl 0.351167    0.182455    504    20
3 nl 0.351167    0.170932    528    21
3 nl 0.351167    0.170932    552    22
3 nl 0.351167    0.169811    576    23
3 nl 0.351167    0.169811    600    24
3 nl 0.351167    0.163007    624    25
3 nl 0.351167    0.150439    648    26
3 nl 0.351167    0.150439    672    27
3 nl 0.351167    0.150439    696    28
3 nl 0.351167    0.116334    720    29
---------------------------------------
3 nl 0.351167    0.116068    744    30
3 nl 0.351167    0.111726    768    31
3 nl 0.351167    0.111726    792    32
3 nl 0.351167    0.108678    816    33
3 nl 0.351167    0.108678    840    34
3 nl 0.351167    0.104157    864    35
3 nl 0.351167    0.103417    888    36
3 nl 0.351167    0.103417    912    37
3 nl 0.351167    0.0984878    936    38
3 nl 0.351167    0.0983186    960    39
---------------------------------------
3 nl 0.351167    0.0924839    984    40
3 nl 0.351167    0.0907964    1008    41
3 nl 0.351167    0.0877666    1032    42
3 nl 0.351167    0.0845336    1056    43
3 nl 0.351167    0.0845336    1080    44
3 nl 0.351167    0.0823155    1104    45
3 nl 0.351167    0.0804647    1128    46
3 nl 0.351167    0.0804647    1152    47
3 nl 0.351167    0.0766639    1176    48
3 nl 0.351167    0.0746861    1200    49
---------------------------------------
3 nl 0.351167    0.0746861    1224    50
3 nl 0.351167    0.0736933    1248    51
3 nl 0.351167    0.0696473    1272    52
3 nl 0.351167    0.0699758    1296    53
3 nl 0.351167    0.0699758    1320    54
3 nl 0.351167    0.0699758    1344    55
3 nl 0.351167    0.0699758    1368    56
3 nl 0.351167    0.0699758    1392    57
3 nl 0.351167    0.0689983    1416    58
3 nl 0.351167    0.0689983    1440    59
---------------------------------------
3 nl 0.351167    0.0686941    1464    60
3 nl 0.351167    0.0686767    1488    61
3 nl 0.351167    0.0686767    1512    62
3 nl 0.351167    0.0684276    1536    63
3 nl 0.351167    0.0684276    1560    64
3 nl 0.351167    0.0682982    1584    65
3 nl 0.351167    0.0682982    1608    66
3 nl 0.351167    0.0682982    1632    67
3 nl 0.351167    0.0678888    1656    68
3 nl 0.351167    0.0674254    1680    69
---------------------------------------
3 nl 0.351167    0.0674254    1704    70
3 nl 0.351167    0.0674254    1728    71
3 nl 0.351167    0.0674254    1752    72
3 nl 0.351167    0.0654929    1776    73
3 nl 0.351167    0.0654929    1800    74
3 nl 0.351167    0.0645516    1824    75
3 nl 0.351167    0.0645516    1848    76
3 nl 0.351167    0.0645516    1872    77
3 nl 0.351167    0.0645516    1896    78
3 nl 0.351167    0.0645516    1920    79
---------------------------------------
3 nl 0.351167    0.0645516    1944    80
3 nl 0.351167    0.0641484    1968    81
3 nl 0.351167    0.0641484    1992    82
3 nl 0.351167    0.0641484    2016    83
3 nl 0.351167    0.0641484    2040    84
3 nl 0.351167    0.0641484    2064    85
3 nl 0.351167    0.0641484    2088    86
3 nl 0.351167    0.0634242    2112    87
3 nl 0.351167    0.0634242    2136    88
3 nl 0.351167    0.0627775    2160    89
---------------------------------------
3 nl 0.351167    0.0626692    2184    90
3 nl 0.351167    0.0626692    2208    91
3 nl 0.351167    0.0622197    2232    92
3 nl 0.351167    0.0622197    2256    93
3 nl 0.351167    0.0622197    2280    94
3 nl 0.351167    0.0622197    2304    95
3 nl 0.351167    0.0622197    2328    96
3 nl 0.351167    0.0622197    2352    97
3 nl 0.351167    0.0602907    2376    98
3 nl 0.351167    0.059919    2400    99
---------------------------------------

 ------------------------------ 3  121200  RMSE:  0.352259  0.346702 NMSE:  0.625587 0.627957
3 nl 0.352259    0.256526    24    0
3 nl 0.352259    0.250312    48    1
3 nl 0.352259    0.24067    72    2
3 nl 0.352259    0.240063    96    3
3 nl 0.352259    0.237682    120    4
3 nl 0.352259    0.237682    144    5
3 nl 0.352259    0.235616    168    6
3 nl 0.352259    0.233356    192    7
3 nl 0.352259    0.22812    216    8
3 nl 0.352259    0.213602    240    9
---------------------------------------
3 nl 0.352259    0.206491    264    10
3 nl 0.352259    0.19833    288    11
3 nl 0.352259    0.19833    312    12
3 nl 0.352259    0.182118    336    13
3 nl 0.352259    0.160939    360    14
3 nl 0.352259    0.153397    384    15
3 nl 0.352259    0.145485    408    16
3 nl 0.352259    0.145485    432    17
3 nl 0.352259    0.125727    456    18
3 nl 0.352259    0.121944    480    19
---------------------------------------
3 nl 0.352259    0.121944    504    20
3 nl 0.352259    0.104689    528    21
3 nl 0.352259    0.0998874    552    22
3 nl 0.352259    0.0992714    576    23
3 nl 0.352259    0.0992714    600    24
3 nl 0.352259    0.0980037    624    25
3 nl 0.352259    0.0912405    648    26
3 nl 0.352259    0.0895206    672    27
3 nl 0.352259    0.0895206    696    28
3 nl 0.352259    0.0889425    720    29
---------------------------------------
3 nl 0.352259    0.0859166    744    30
3 nl 0.352259    0.0859166    768    31
3 nl 0.352259    0.0859166    792    32
3 nl 0.352259    0.0822788    816    33
3 nl 0.352259    0.0822788    840    34
3 nl 0.352259    0.0813561    864    35
3 nl 0.352259    0.077805    888    36
3 nl 0.352259    0.077805    912    37
3 nl 0.352259    0.077805    936    38
3 nl 0.352259    0.077805    960    39
---------------------------------------
3 nl 0.352259    0.0777808    984    40
3 nl 0.352259    0.0777808    1008    41
3 nl 0.352259    0.0762286    1032    42
3 nl 0.352259    0.0756173    1056    43
3 nl 0.352259    0.0756173    1080    44
3 nl 0.352259    0.0739612    1104    45
3 nl 0.352259    0.0739612    1128    46
3 nl 0.352259    0.0739612    1152    47
3 nl 0.352259    0.0739612    1176    48
3 nl 0.352259    0.0739612    1200    49
---------------------------------------
3 nl 0.352259    0.0739612    1224    50
3 nl 0.352259    0.0739612    1248    51
3 nl 0.352259    0.072697    1272    52
3 nl 0.352259    0.072697    1296    53
3 nl 0.352259    0.072697    1320    54
3 nl 0.352259    0.072697    1344    55
3 nl 0.352259    0.072697    1368    56
3 nl 0.352259    0.0719869    1392    57
3 nl 0.352259    0.0719869    1416    58
3 nl 0.352259    0.0719869    1440    59
---------------------------------------
3 nl 0.352259    0.0719869    1464    60
3 nl 0.352259    0.0719869    1488    61
3 nl 0.352259    0.0719869    1512    62
3 nl 0.352259    0.0719869    1536    63
3 nl 0.352259    0.0717579    1560    64
3 nl 0.352259    0.0711889    1584    65
3 nl 0.352259    0.0711889    1608    66
3 nl 0.352259    0.0694094    1632    67
3 nl 0.352259    0.0694094    1656    68
3 nl 0.352259    0.0694094    1680    69
---------------------------------------
3 nl 0.352259    0.0694094    1704    70
3 nl 0.352259    0.0688379    1728    71
3 nl 0.352259    0.0688379    1752    72
3 nl 0.352259    0.0688379    1776    73
3 nl 0.352259    0.0685684    1800    74
3 nl 0.352259    0.0685684    1824    75
3 nl 0.352259    0.0685684    1848    76
3 nl 0.352259    0.0685684    1872    77
3 nl 0.352259    0.0677915    1896    78
3 nl 0.352259    0.0677915    1920    79
---------------------------------------
3 nl 0.352259    0.0677915    1944    80
3 nl 0.352259    0.0671682    1968    81
3 nl 0.352259    0.0671682    1992    82
3 nl 0.352259    0.0671682    2016    83
3 nl 0.352259    0.0658457    2040    84
3 nl 0.352259    0.0658457    2064    85
3 nl 0.352259    0.0658457    2088    86
3 nl 0.352259    0.0658457    2112    87
3 nl 0.352259    0.0658457    2136    88
3 nl 0.352259    0.0658457    2160    89
---------------------------------------
3 nl 0.352259    0.0658457    2184    90
3 nl 0.352259    0.0658457    2208    91
3 nl 0.352259    0.0658457    2232    92
3 nl 0.352259    0.0658457    2256    93
3 nl 0.352259    0.0658457    2280    94
3 nl 0.352259    0.0658457    2304    95
3 nl 0.352259    0.0658457    2328    96
3 nl 0.352259    0.0658457    2352    97
3 nl 0.352259    0.0658457    2376    98
3 nl 0.352259    0.0658457    2400    99
---------------------------------------

 ------------------------------ 3  121200  RMSE:  0.350968  0.345109 NMSE:  0.621012 0.622199
3 nl 0.350968    0.20844    24    0
3 nl 0.350968    0.202948    48    1
3 nl 0.350968    0.196333    72    2
3 nl 0.350968    0.192194    96    3
3 nl 0.350968    0.190903    120    4
3 nl 0.350968    0.190903    144    5
3 nl 0.350968    0.169705    168    6
3 nl 0.350968    0.169705    192    7
3 nl 0.350968    0.165581    216    8
3 nl 0.350968    0.16196    240    9
---------------------------------------
3 nl 0.350968    0.149269    264    10
3 nl 0.350968    0.148469    288    11
3 nl 0.350968    0.148469    312    12
3 nl 0.350968    0.148081    336    13
3 nl 0.350968    0.141355    360    14
3 nl 0.350968    0.141355    384    15
3 nl 0.350968    0.129381    408    16
3 nl 0.350968    0.129381    432    17
3 nl 0.350968    0.124435    456    18
3 nl 0.350968    0.124435    480    19
---------------------------------------
3 nl 0.350968    0.118016    504    20
3 nl 0.350968    0.118016    528    21
3 nl 0.350968    0.115711    552    22
3 nl 0.350968    0.115711    576    23
3 nl 0.350968    0.115711    600    24
3 nl 0.350968    0.108144    624    25
3 nl 0.350968    0.108084    648    26
3 nl 0.350968    0.100785    672    27
3 nl 0.350968    0.100785    696    28
3 nl 0.350968    0.100766    720    29
---------------------------------------
3 nl 0.350968    0.0995786    744    30
3 nl 0.350968    0.0991625    768    31
3 nl 0.350968    0.0991625    792    32
3 nl 0.350968    0.0911306    816    33
3 nl 0.350968    0.0874055    840    34
3 nl 0.350968    0.0870198    864    35
3 nl 0.350968    0.0850286    888    36
3 nl 0.350968    0.0837256    912    37
3 nl 0.350968    0.0830979    936    38
3 nl 0.350968    0.0802211    960    39
---------------------------------------
3 nl 0.350968    0.0802211    984    40
3 nl 0.350968    0.0802211    1008    41
3 nl 0.350968    0.0802211    1032    42
3 nl 0.350968    0.0802211    1056    43
3 nl 0.350968    0.0793119    1080    44
3 nl 0.350968    0.0793119    1104    45
3 nl 0.350968    0.0787511    1128    46
3 nl 0.350968    0.0787511    1152    47
3 nl 0.350968    0.0787511    1176    48
3 nl 0.350968    0.0778535    1200    49
---------------------------------------
3 nl 0.350968    0.0739776    1224    50
3 nl 0.350968    0.0739776    1248    51
3 nl 0.350968    0.0739477    1272    52
3 nl 0.350968    0.0739477    1296    53
3 nl 0.350968    0.0738188    1320    54
3 nl 0.350968    0.0738188    1344    55
3 nl 0.350968    0.0738188    1368    56
3 nl 0.350968    0.0728432    1392    57
3 nl 0.350968    0.0728432    1416    58
3 nl 0.350968    0.0728432    1440    59
---------------------------------------
3 nl 0.350968    0.0711601    1464    60
3 nl 0.350968    0.0711601    1488    61
3 nl 0.350968    0.0711601    1512    62
3 nl 0.350968    0.0707551    1536    63
3 nl 0.350968    0.0707551    1560    64
3 nl 0.350968    0.0695672    1584    65
3 nl 0.350968    0.0695672    1608    66
3 nl 0.350968    0.0695672    1632    67
3 nl 0.350968    0.0674342    1656    68
3 nl 0.350968    0.0674342    1680    69
---------------------------------------
3 nl 0.350968    0.067238    1704    70
3 nl 0.350968    0.0672088    1728    71
3 nl 0.350968    0.0672088    1752    72
3 nl 0.350968    0.0672088    1776    73
3 nl 0.350968    0.0672088    1800    74
3 nl 0.350968    0.0651429    1824    75
3 nl 0.350968    0.0649216    1848    76
3 nl 0.350968    0.0649216    1872    77
3 nl 0.350968    0.0649216    1896    78
3 nl 0.350968    0.0649216    1920    79
---------------------------------------
3 nl 0.350968    0.0647841    1944    80
3 nl 0.350968    0.0647841    1968    81
3 nl 0.350968    0.0647841    1992    82
3 nl 0.350968    0.0636275    2016    83
3 nl 0.350968    0.0636275    2040    84
3 nl 0.350968    0.0636275    2064    85
3 nl 0.350968    0.0614823    2088    86
3 nl 0.350968    0.0614823    2112    87
3 nl 0.350968    0.0607888    2136    88
3 nl 0.350968    0.0607888    2160    89
---------------------------------------
3 nl 0.350968    0.0607888    2184    90
3 nl 0.350968    0.0607888    2208    91
3 nl 0.350968    0.0607888    2232    92
3 nl 0.350968    0.0607888    2256    93
3 nl 0.350968    0.0605207    2280    94
3 nl 0.350968    0.0605207    2304    95
3 nl 0.350968    0.0605207    2328    96
3 nl 0.350968    0.060117    2352    97
3 nl 0.350968    0.060117    2376    98
3 nl 0.350968    0.060117    2400    99
---------------------------------------

 ------------------------------ 3  121200  RMSE:  0.351879  0.346015 NMSE:  0.624239 0.625472
3 nl 0.351879    0.246096    24    0
3 nl 0.351879    0.244024    48    1
3 nl 0.351879    0.234636    72    2
3 nl 0.351879    0.233493    96    3
3 nl 0.351879    0.224875    120    4
3 nl 0.351879    0.212618    144    5
3 nl 0.351879    0.211028    168    6
3 nl 0.351879    0.204227    192    7
3 nl 0.351879    0.204227    216    8
3 nl 0.351879    0.204227    240    9
---------------------------------------
3 nl 0.351879    0.198812    264    10
3 nl 0.351879    0.194111    288    11
3 nl 0.351879    0.190629    312    12
3 nl 0.351879    0.190629    336    13
3 nl 0.351879    0.189832    360    14
3 nl 0.351879    0.186853    384    15
3 nl 0.351879    0.186812    408    16
3 nl 0.351879    0.183443    432    17
3 nl 0.351879    0.179994    456    18
3 nl 0.351879    0.178464    480    19
---------------------------------------
3 nl 0.351879    0.178464    504    20
3 nl 0.351879    0.178464    528    21
3 nl 0.351879    0.169693    552    22
3 nl 0.351879    0.160416    576    23
3 nl 0.351879    0.160416    600    24
3 nl 0.351879    0.156776    624    25
3 nl 0.351879    0.156776    648    26
3 nl 0.351879    0.14974    672    27
3 nl 0.351879    0.143966    696    28
3 nl 0.351879    0.143966    720    29
---------------------------------------
3 nl 0.351879    0.135891    744    30
3 nl 0.351879    0.125094    768    31
3 nl 0.351879    0.1185    792    32
3 nl 0.351879    0.116689    816    33
3 nl 0.351879    0.116689    840    34
3 nl 0.351879    0.116689    864    35
3 nl 0.351879    0.108942    888    36
3 nl 0.351879    0.106492    912    37
3 nl 0.351879    0.101195    936    38
3 nl 0.351879    0.0876907    960    39
---------------------------------------
3 nl 0.351879    0.0823895    984    40
3 nl 0.351879    0.0808765    1008    41
3 nl 0.351879    0.0808765    1032    42
3 nl 0.351879    0.0808765    1056    43
3 nl 0.351879    0.0776996    1080    44
3 nl 0.351879    0.0776996    1104    45
3 nl 0.351879    0.0776996    1128    46
3 nl 0.351879    0.0764401    1152    47
3 nl 0.351879    0.0764401    1176    48
3 nl 0.351879    0.0764401    1200    49
---------------------------------------
3 nl 0.351879    0.0764401    1224    50
3 nl 0.351879    0.0741951    1248    51
3 nl 0.351879    0.0741951    1272    52
3 nl 0.351879    0.073723    1296    53
3 nl 0.351879    0.073723    1320    54
3 nl 0.351879    0.073723    1344    55
3 nl 0.351879    0.073166    1368    56
3 nl 0.351879    0.0719433    1392    57
3 nl 0.351879    0.0719433    1416    58
3 nl 0.351879    0.0719433    1440    59
---------------------------------------
3 nl 0.351879    0.0716363    1464    60
3 nl 0.351879    0.0716363    1488    61
3 nl 0.351879    0.0716363    1512    62
3 nl 0.351879    0.0716363    1536    63
3 nl 0.351879    0.0716363    1560    64
3 nl 0.351879    0.0700225    1584    65
3 nl 0.351879    0.0700225    1608    66
3 nl 0.351879    0.0700225    1632    67
3 nl 0.351879    0.0700225    1656    68
3 nl 0.351879    0.0700225    1680    69
---------------------------------------
3 nl 0.351879    0.0700225    1704    70
3 nl 0.351879    0.0691625    1728    71
3 nl 0.351879    0.0689287    1752    72
3 nl 0.351879    0.0689287    1776    73
3 nl 0.351879    0.0689287    1800    74
3 nl 0.351879    0.0689287    1824    75
3 nl 0.351879    0.0689287    1848    76
3 nl 0.351879    0.0689287    1872    77
3 nl 0.351879    0.0689287    1896    78
3 nl 0.351879    0.068916    1920    79
---------------------------------------
3 nl 0.351879    0.0685799    1944    80
3 nl 0.351879    0.0685799    1968    81
3 nl 0.351879    0.0684444    1992    82
3 nl 0.351879    0.0684444    2016    83
3 nl 0.351879    0.0684444    2040    84
3 nl 0.351879    0.0675219    2064    85
3 nl 0.351879    0.0674263    2088    86
3 nl 0.351879    0.0674263    2112    87
3 nl 0.351879    0.0670679    2136    88
3 nl 0.351879    0.0670679    2160    89
---------------------------------------
3 nl 0.351879    0.0670679    2184    90
3 nl 0.351879    0.0670679    2208    91
3 nl 0.351879    0.066874    2232    92
3 nl 0.351879    0.066874    2256    93
3 nl 0.351879    0.0658386    2280    94
3 nl 0.351879    0.0658386    2304    95
3 nl 0.351879    0.0658386    2328    96
3 nl 0.351879    0.0658386    2352    97
3 nl 0.351879    0.0658386    2376    98
3 nl 0.351879    0.0658386    2400    99
---------------------------------------

 ------------------------------ 3  121200  RMSE:  0.35213  0.346468 NMSE:  0.62513 0.62711
3 nl 0.35213    0.208765    24    0
3 nl 0.35213    0.203027    48    1
3 nl 0.35213    0.198109    72    2
3 nl 0.35213    0.183141    96    3
3 nl 0.35213    0.183141    120    4
3 nl 0.35213    0.17457    144    5
3 nl 0.35213    0.168467    168    6
3 nl 0.35213    0.157781    192    7
3 nl 0.35213    0.148576    216    8
3 nl 0.35213    0.143507    240    9
---------------------------------------
3 nl 0.35213    0.143307    264    10
3 nl 0.35213    0.143307    288    11
3 nl 0.35213    0.142804    312    12
3 nl 0.35213    0.134111    336    13
3 nl 0.35213    0.11966    360    14
3 nl 0.35213    0.113059    384    15
3 nl 0.35213    0.113059    408    16
3 nl 0.35213    0.109035    432    17
3 nl 0.35213    0.0935284    456    18
3 nl 0.35213    0.0935284    480    19
---------------------------------------
3 nl 0.35213    0.0931799    504    20
3 nl 0.35213    0.0931799    528    21
3 nl 0.35213    0.0895054    552    22
3 nl 0.35213    0.0895054    576    23
3 nl 0.35213    0.0887068    600    24
3 nl 0.35213    0.0887068    624    25
3 nl 0.35213    0.0800864    648    26
3 nl 0.35213    0.0800864    672    27
3 nl 0.35213    0.0800864    696    28
3 nl 0.35213    0.0800864    720    29
---------------------------------------
3 nl 0.35213    0.0784999    744    30
3 nl 0.35213    0.0784999    768    31
3 nl 0.35213    0.0784999    792    32
3 nl 0.35213    0.0784999    816    33
3 nl 0.35213    0.0784999    840    34
3 nl 0.35213    0.0756034    864    35
3 nl 0.35213    0.0739458    888    36
3 nl 0.35213    0.0739458    912    37
3 nl 0.35213    0.0711487    936    38
3 nl 0.35213    0.0706009    960    39
---------------------------------------
3 nl 0.35213    0.0706009    984    40
3 nl 0.35213    0.0676324    1008    41
3 nl 0.35213    0.0676324    1032    42
3 nl 0.35213    0.0676324    1056    43
3 nl 0.35213    0.0676324    1080    44
3 nl 0.35213    0.0676837    1104    45
3 nl 0.35213    0.0676837    1128    46
3 nl 0.35213    0.0676837    1152    47
3 nl 0.35213    0.0667727    1176    48
3 nl 0.35213    0.0667727    1200    49
---------------------------------------
3 nl 0.35213    0.0664229    1224    50
3 nl 0.35213    0.0664229    1248    51
3 nl 0.35213    0.0664229    1272    52
3 nl 0.35213    0.0664229    1296    53
3 nl 0.35213    0.0654771    1320    54
3 nl 0.35213    0.0654771    1344    55
3 nl 0.35213    0.0654771    1368    56
3 nl 0.35213    0.0654771    1392    57
3 nl 0.35213    0.0654771    1416    58
3 nl 0.35213    0.0632539    1440    59
---------------------------------------
3 nl 0.35213    0.0632539    1464    60
3 nl 0.35213    0.0632539    1488    61
3 nl 0.35213    0.0630639    1512    62
3 nl 0.35213    0.0630639    1536    63
3 nl 0.35213    0.0630639    1560    64
3 nl 0.35213    0.0625522    1584    65
3 nl 0.35213    0.0625522    1608    66
3 nl 0.35213    0.0614434    1632    67
3 nl 0.35213    0.0614434    1656    68
3 nl 0.35213    0.0610585    1680    69
---------------------------------------
3 nl 0.35213    0.0607758    1704    70
3 nl 0.35213    0.0604799    1728    71
3 nl 0.35213    0.0601793    1752    72
3 nl 0.35213    0.0601793    1776    73
3 nl 0.35213    0.0601793    1800    74
3 nl 0.35213    0.0601793    1824    75
3 nl 0.35213    0.0601793    1848    76
3 nl 0.35213    0.0594499    1872    77
3 nl 0.35213    0.0594499    1896    78
3 nl 0.35213    0.0583224    1920    79
---------------------------------------
3 nl 0.35213    0.0583224    1944    80
3 nl 0.35213    0.0583224    1968    81
3 nl 0.35213    0.058276    1992    82
3 nl 0.35213    0.058276    2016    83
3 nl 0.35213    0.058276    2040    84
3 nl 0.35213    0.0577102    2064    85
3 nl 0.35213    0.0577102    2088    86
3 nl 0.35213    0.0567652    2112    87
3 nl 0.35213    0.0567652    2136    88
3 nl 0.35213    0.0567652    2160    89
---------------------------------------
3 nl 0.35213    0.0567652    2184    90
3 nl 0.35213    0.0567652    2208    91
3 nl 0.35213    0.0567652    2232    92
3 nl 0.35213    0.0567652    2256    93
3 nl 0.35213    0.0567652    2280    94
3 nl 0.35213    0.0567652    2304    95
3 nl 0.35213    0.0559318    2328    96
3 nl 0.35213    0.0559318    2352    97
3 nl 0.35213    0.0559318    2376    98
3 nl 0.35213    0.0559318    2400    99
---------------------------------------

 ------------------------------ 3  121200  RMSE:  0.352147  0.346389 NMSE:  0.625191 0.626827
3 nl 0.352147    0.251903    24    0
3 nl 0.352147    0.245654    48    1
3 nl 0.352147    0.245654    72    2
3 nl 0.352147    0.245654    96    3
3 nl 0.352147    0.240213    120    4
3 nl 0.352147    0.227391    144    5
3 nl 0.352147    0.227391    168    6
3 nl 0.352147    0.219681    192    7
3 nl 0.352147    0.213585    216    8
3 nl 0.352147    0.209528    240    9
---------------------------------------
3 nl 0.352147    0.209468    264    10
3 nl 0.352147    0.203251    288    11
3 nl 0.352147    0.199906    312    12
3 nl 0.352147    0.191056    336    13
3 nl 0.352147    0.187674    360    14
3 nl 0.352147    0.186668    384    15
3 nl 0.352147    0.18536    408    16
3 nl 0.352147    0.170222    432    17
3 nl 0.352147    0.168719    456    18
3 nl 0.352147    0.16869    480    19
---------------------------------------
3 nl 0.352147    0.163012    504    20
3 nl 0.352147    0.161576    528    21
3 nl 0.352147    0.151895    552    22
3 nl 0.352147    0.144082    576    23
3 nl 0.352147    0.131704    600    24
3 nl 0.352147    0.130478    624    25
3 nl 0.352147    0.125034    648    26
3 nl 0.352147    0.122857    672    27
3 nl 0.352147    0.118395    696    28
3 nl 0.352147    0.114318    720    29
---------------------------------------
3 nl 0.352147    0.114318    744    30
3 nl 0.352147    0.114318    768    31
3 nl 0.352147    0.106308    792    32
3 nl 0.352147    0.106308    816    33
3 nl 0.352147    0.0859052    840    34
3 nl 0.352147    0.0859052    864    35
3 nl 0.352147    0.0859052    888    36
3 nl 0.352147    0.0840895    912    37
3 nl 0.352147    0.0840895    936    38
3 nl 0.352147    0.0821932    960    39
---------------------------------------
3 nl 0.352147    0.0821932    984    40
3 nl 0.352147    0.0807281    1008    41
3 nl 0.352147    0.0794397    1032    42
3 nl 0.352147    0.0794397    1056    43
3 nl 0.352147    0.0794397    1080    44
3 nl 0.352147    0.0777597    1104    45
3 nl 0.352147    0.0775596    1128    46
3 nl 0.352147    0.0775596    1152    47
3 nl 0.352147    0.0713898    1176    48
3 nl 0.352147    0.0709463    1200    49
---------------------------------------
3 nl 0.352147    0.0709463    1224    50
3 nl 0.352147    0.0691993    1248    51
3 nl 0.352147    0.0671896    1272    52
3 nl 0.352147    0.0671896    1296    53
3 nl 0.352147    0.0671896    1320    54
3 nl 0.352147    0.0671896    1344    55
3 nl 0.352147    0.0671896    1368    56
3 nl 0.352147    0.0671896    1392    57
3 nl 0.352147    0.0669291    1416    58
3 nl 0.352147    0.0669291    1440    59
---------------------------------------
3 nl 0.352147    0.0660675    1464    60
3 nl 0.352147    0.0660675    1488    61
3 nl 0.352147    0.0660675    1512    62
3 nl 0.352147    0.0660675    1536    63
3 nl 0.352147    0.0644331    1560    64
3 nl 0.352147    0.0644331    1584    65
3 nl 0.352147    0.0643999    1608    66
3 nl 0.352147    0.0643999    1632    67
3 nl 0.352147    0.0643999    1656    68
3 nl 0.352147    0.0643999    1680    69
---------------------------------------
3 nl 0.352147    0.0643999    1704    70
3 nl 0.352147    0.0642893    1728    71
3 nl 0.352147    0.0642893    1752    72
3 nl 0.352147    0.0642893    1776    73
3 nl 0.352147    0.0623814    1800    74
3 nl 0.352147    0.0623814    1824    75
3 nl 0.352147    0.0623814    1848    76
3 nl 0.352147    0.0623814    1872    77
3 nl 0.352147    0.061362    1896    78
3 nl 0.352147    0.0605354    1920    79
---------------------------------------
3 nl 0.352147    0.0605354    1944    80
3 nl 0.352147    0.0596414    1968    81
3 nl 0.352147    0.0593542    1992    82
3 nl 0.352147    0.0584253    2016    83
3 nl 0.352147    0.0584253    2040    84
3 nl 0.352147    0.0583581    2064    85
3 nl 0.352147    0.0583581    2088    86
3 nl 0.352147    0.0575626    2112    87
3 nl 0.352147    0.0575626    2136    88
3 nl 0.352147    0.0575626    2160    89
---------------------------------------
3 nl 0.352147    0.057189    2184    90
3 nl 0.352147    0.057189    2208    91
3 nl 0.352147    0.0570882    2232    92
3 nl 0.352147    0.0568857    2256    93
3 nl 0.352147    0.056307    2280    94
3 nl 0.352147    0.056307    2304    95
3 nl 0.352147    0.0562819    2328    96
3 nl 0.352147    0.0562819    2352    97
3 nl 0.352147    0.0562819    2376    98
3 nl 0.352147    0.0553583    2400    99
---------------------------------------

 ------------------------------ 3  121200  RMSE:  0.351152  0.345251 NMSE:  0.621662 0.622713
3 nl 0.351152    0.271103    24    0
3 nl 0.351152    0.271103    48    1
3 nl 0.351152    0.265709    72    2
3 nl 0.351152    0.263309    96    3
3 nl 0.351152    0.258709    120    4
3 nl 0.351152    0.256021    144    5
3 nl 0.351152    0.255015    168    6
3 nl 0.351152    0.250761    192    7
3 nl 0.351152    0.246462    216    8
3 nl 0.351152    0.239616    240    9
---------------------------------------
3 nl 0.351152    0.235251    264    10
3 nl 0.351152    0.23437    288    11
3 nl 0.351152    0.229636    312    12
3 nl 0.351152    0.217779    336    13
3 nl 0.351152    0.216603    360    14
3 nl 0.351152    0.207356    384    15
3 nl 0.351152    0.204504    408    16
3 nl 0.351152    0.204504    432    17
3 nl 0.351152    0.203793    456    18
3 nl 0.351152    0.202887    480    19
---------------------------------------
3 nl 0.351152    0.202887    504    20
3 nl 0.351152    0.202887    528    21
3 nl 0.351152    0.193901    552    22
3 nl 0.351152    0.183309    576    23
3 nl 0.351152    0.181549    600    24
3 nl 0.351152    0.175726    624    25
3 nl 0.351152    0.166264    648    26
3 nl 0.351152    0.166264    672    27
3 nl 0.351152    0.166264    696    28
3 nl 0.351152    0.152769    720    29
---------------------------------------
3 nl 0.351152    0.144342    744    30
3 nl 0.351152    0.136776    768    31
3 nl 0.351152    0.136776    792    32
3 nl 0.351152    0.127332    816    33
3 nl 0.351152    0.127332    840    34
3 nl 0.351152    0.12061    864    35
3 nl 0.351152    0.115115    888    36
3 nl 0.351152    0.11076    912    37
3 nl 0.351152    0.109688    936    38
3 nl 0.351152    0.10075    960    39
---------------------------------------
3 nl 0.351152    0.0944188    984    40
3 nl 0.351152    0.0918757    1008    41
3 nl 0.351152    0.0918757    1032    42
3 nl 0.351152    0.0848275    1056    43
3 nl 0.351152    0.0835223    1080    44
3 nl 0.351152    0.0835223    1104    45
3 nl 0.351152    0.0833857    1128    46
3 nl 0.351152    0.0804604    1152    47
3 nl 0.351152    0.0798277    1176    48
3 nl 0.351152    0.0798277    1200    49
---------------------------------------
3 nl 0.351152    0.0798277    1224    50
3 nl 0.351152    0.0779057    1248    51
3 nl 0.351152    0.0779057    1272    52
3 nl 0.351152    0.0779057    1296    53
3 nl 0.351152    0.0779057    1320    54
3 nl 0.351152    0.0755234    1344    55
3 nl 0.351152    0.0755234    1368    56
3 nl 0.351152    0.0755234    1392    57
3 nl 0.351152    0.0753751    1416    58
3 nl 0.351152    0.0753751    1440    59
---------------------------------------
3 nl 0.351152    0.0753751    1464    60
3 nl 0.351152    0.0753751    1488    61
3 nl 0.351152    0.0746859    1512    62
3 nl 0.351152    0.0733187    1536    63
3 nl 0.351152    0.0733187    1560    64
3 nl 0.351152    0.0733187    1584    65
3 nl 0.351152    0.0733187    1608    66
3 nl 0.351152    0.0733187    1632    67
3 nl 0.351152    0.0733187    1656    68
3 nl 0.351152    0.0733187    1680    69
---------------------------------------
3 nl 0.351152    0.0723028    1704    70
3 nl 0.351152    0.0723028    1728    71
3 nl 0.351152    0.0723028    1752    72
3 nl 0.351152    0.0723028    1776    73
3 nl 0.351152    0.0723028    1800    74
3 nl 0.351152    0.0723028    1824    75
3 nl 0.351152    0.0723028    1848    76
3 nl 0.351152    0.0723028    1872    77
3 nl 0.351152    0.0723028    1896    78
3 nl 0.351152    0.0723028    1920    79
---------------------------------------
3 nl 0.351152    0.0723028    1944    80
3 nl 0.351152    0.0711165    1968    81
3 nl 0.351152    0.0711165    1992    82
3 nl 0.351152    0.0711165    2016    83
3 nl 0.351152    0.0711165    2040    84
3 nl 0.351152    0.0711165    2064    85
3 nl 0.351152    0.0708667    2088    86
3 nl 0.351152    0.0708667    2112    87
3 nl 0.351152    0.0708667    2136    88
3 nl 0.351152    0.0707182    2160    89
---------------------------------------
3 nl 0.351152    0.0707182    2184    90
3 nl 0.351152    0.0707182    2208    91
3 nl 0.351152    0.0705448    2232    92
3 nl 0.351152    0.0693053    2256    93
3 nl 0.351152    0.0691329    2280    94
3 nl 0.351152    0.0691329    2304    95
3 nl 0.351152    0.0688738    2328    96
3 nl 0.351152    0.0688738    2352    97
3 nl 0.351152    0.0688738    2376    98
3 nl 0.351152    0.0688738    2400    99
---------------------------------------

 ------------------------------ 3  121200  RMSE:  0.351538  0.345708 NMSE:  0.623032 0.624362
3 nl 0.351538    0.222512    24    0
3 nl 0.351538    0.222512    48    1
3 nl 0.351538    0.215607    72    2
3 nl 0.351538    0.212927    96    3
3 nl 0.351538    0.207938    120    4
3 nl 0.351538    0.199543    144    5
3 nl 0.351538    0.199543    168    6
3 nl 0.351538    0.199543    192    7
3 nl 0.351538    0.191204    216    8
3 nl 0.351538    0.191204    240    9
---------------------------------------
3 nl 0.351538    0.18831    264    10
3 nl 0.351538    0.18831    288    11
3 nl 0.351538    0.175659    312    12
3 nl 0.351538    0.173611    336    13
3 nl 0.351538    0.173611    360    14
3 nl 0.351538    0.167505    384    15
3 nl 0.351538    0.167505    408    16
3 nl 0.351538    0.167505    432    17
3 nl 0.351538    0.151818    456    18
3 nl 0.351538    0.143994    480    19
---------------------------------------
3 nl 0.351538    0.131894    504    20
3 nl 0.351538    0.125274    528    21
3 nl 0.351538    0.11003    552    22
3 nl 0.351538    0.104862    576    23
3 nl 0.351538    0.101911    600    24
3 nl 0.351538    0.101911    624    25
3 nl 0.351538    0.096249    648    26
3 nl 0.351538    0.096249    672    27
3 nl 0.351538    0.0935142    696    28
3 nl 0.351538    0.0906023    720    29
---------------------------------------
3 nl 0.351538    0.0892086    744    30
3 nl 0.351538    0.0808289    768    31
3 nl 0.351538    0.0789957    792    32
3 nl 0.351538    0.0788131    816    33
3 nl 0.351538    0.0788131    840    34
3 nl 0.351538    0.0788131    864    35
3 nl 0.351538    0.0787204    888    36
3 nl 0.351538    0.0771422    912    37
3 nl 0.351538    0.0771422    936    38
3 nl 0.351538    0.0771422    960    39
---------------------------------------
3 nl 0.351538    0.0771422    984    40
3 nl 0.351538    0.0759093    1008    41
3 nl 0.351538    0.0759093    1032    42
3 nl 0.351538    0.0759093    1056    43
3 nl 0.351538    0.0722017    1080    44
3 nl 0.351538    0.0722017    1104    45
3 nl 0.351538    0.0722017    1128    46
3 nl 0.351538    0.0722017    1152    47
3 nl 0.351538    0.070753    1176    48
3 nl 0.351538    0.0702754    1200    49
---------------------------------------
3 nl 0.351538    0.0702754    1224    50
3 nl 0.351538    0.0689731    1248    51
3 nl 0.351538    0.0689352    1272    52
3 nl 0.351538    0.0679786    1296    53
3 nl 0.351538    0.0679786    1320    54
3 nl 0.351538    0.0679786    1344    55
3 nl 0.351538    0.0679786    1368    56
3 nl 0.351538    0.0674171    1392    57
3 nl 0.351538    0.0674171    1416    58
3 nl 0.351538    0.0674171    1440    59
---------------------------------------
3 nl 0.351538    0.0674171    1464    60
3 nl 0.351538    0.0674171    1488    61
3 nl 0.351538    0.0674171    1512    62
3 nl 0.351538    0.0674171    1536    63
3 nl 0.351538    0.0674171    1560    64
3 nl 0.351538    0.0674171    1584    65
3 nl 0.351538    0.0674171    1608    66
3 nl 0.351538    0.066828    1632    67
3 nl 0.351538    0.0662391    1656    68
3 nl 0.351538    0.0653482    1680    69
---------------------------------------
3 nl 0.351538    0.0653482    1704    70
3 nl 0.351538    0.0653482    1728    71
3 nl 0.351538    0.0653482    1752    72
3 nl 0.351538    0.0653482    1776    73
3 nl 0.351538    0.065253    1800    74
3 nl 0.351538    0.065253    1824    75
3 nl 0.351538    0.065253    1848    76
3 nl 0.351538    0.065253    1872    77
3 nl 0.351538    0.065253    1896    78
3 nl 0.351538    0.0641731    1920    79
---------------------------------------
3 nl 0.351538    0.0641731    1944    80
3 nl 0.351538    0.0641731    1968    81
3 nl 0.351538    0.0641731    1992    82
3 nl 0.351538    0.0641731    2016    83
3 nl 0.351538    0.0638728    2040    84
3 nl 0.351538    0.0638728    2064    85
3 nl 0.351538    0.0636552    2088    86
3 nl 0.351538    0.063495    2112    87
3 nl 0.351538    0.063495    2136    88
3 nl 0.351538    0.0628019    2160    89
---------------------------------------
3 nl 0.351538    0.0628019    2184    90
3 nl 0.351538    0.0628019    2208    91
3 nl 0.351538    0.0628019    2232    92
3 nl 0.351538    0.0620818    2256    93
3 nl 0.351538    0.0620818    2280    94
3 nl 0.351538    0.0616097    2304    95
3 nl 0.351538    0.0616097    2328    96
3 nl 0.351538    0.0616097    2352    97
3 nl 0.351538    0.0616097    2376    98
3 nl 0.351538    0.0614297    2400    99
---------------------------------------

 ------------------------------ 3  121200  RMSE:  0.352383  0.346716 NMSE:  0.626028 0.628008
